generation,rank_1,rank_2,swapAccepted
1000,1,3,1
2000,2,3,1
3000,1,4,1
4000,1,4,1
5000,1,2,1
6000,2,3,1
7000,3,4,1
8000,2,3,1
9000,2,4,1
10000,1,3,1
11000,1,2,1
12000,2,3,1
13000,2,4,1
14000,2,4,1
15000,2,3,1
16000,1,2,1
17000,2,3,1
18000,1,4,1
19000,1,2,1
20000,3,4,1
21000,1,3,1
22000,1,2,1
23000,1,4,1
24000,2,3,1
25000,2,3,0
26000,1,3,1
27000,1,2,1
28000,3,4,1
29000,2,4,1
30000,2,4,1
31000,1,2,1
32000,1,3,1
33000,1,4,1
34000,2,4,1
35000,2,3,1
36000,2,3,1
37000,2,4,1
38000,1,2,1
39000,1,4,1
40000,2,4,1
41000,2,4,1
42000,2,3,1
43000,1,4,1
44000,1,4,1
45000,2,3,1
46000,1,2,1
47000,3,4,1
48000,2,4,1
49000,2,4,1
50000,1,2,1
51000,3,4,1
52000,1,4,1
53000,1,2,1
54000,3,4,1
55000,1,4,1
56000,2,3,1
57000,3,4,1
58000,1,3,1
59000,2,4,1
60000,3,4,1
61000,1,2,1
62000,2,4,1
63000,2,3,1
64000,1,3,1
65000,3,4,1
66000,1,4,1
67000,1,2,1
68000,2,3,1
69000,1,4,1
70000,1,4,1
71000,2,4,1
72000,1,4,1
73000,1,2,1
74000,3,4,1
75000,1,3,1
76000,1,2,1
77000,2,4,1
78000,3,4,1
79000,1,2,1
80000,2,3,1
81000,2,3,1
82000,1,3,1
83000,2,4,1
84000,3,4,1
85000,2,3,1
86000,1,3,1
87000,2,3,1
88000,1,2,1
89000,2,3,1
90000,3,4,1
91000,1,2,1
92000,1,2,1
93000,3,4,1
94000,1,3,1
95000,2,3,1
96000,1,3,1
97000,1,3,1
98000,2,3,1
99000,2,3,1
100000,1,4,1
101000,1,4,1
102000,1,2,1
103000,3,4,1
104000,3,4,1
105000,1,2,1
106000,1,3,1
107000,1,4,1
108000,1,4,1
109000,1,3,1
110000,2,4,1
111000,1,4,1
112000,1,2,1
113000,2,4,1
114000,2,3,1
115000,1,2,1
116000,2,4,1
117000,1,2,1
118000,1,4,1
119000,1,4,1
120000,3,4,1
121000,2,3,1
122000,2,4,1
123000,1,3,1
124000,1,3,1
125000,3,4,1
126000,3,4,1
127000,2,3,1
128000,2,3,1
129000,2,4,1
130000,3,4,1
131000,3,4,1
132000,3,4,1
133000,3,4,1
134000,1,4,1
135000,2,4,1
136000,2,4,1
137000,1,4,1
138000,1,3,1
139000,1,2,1
140000,1,4,1
141000,1,2,1
142000,1,4,1
143000,1,3,1
144000,3,4,1
145000,2,3,1
146000,2,4,1
147000,1,3,1
148000,1,3,1
149000,3,4,1
150000,3,4,1
151000,2,4,1
152000,1,3,1
153000,2,3,1
154000,1,3,1
155000,2,4,1
156000,1,3,1
157000,1,3,1
158000,1,2,1
159000,3,4,1
160000,2,3,1
161000,3,4,1
162000,1,2,1
163000,3,4,1
164000,2,3,1
165000,3,4,1
166000,1,3,1
167000,1,4,1
168000,1,4,1
169000,2,3,1
170000,1,4,1
171000,1,3,1
172000,1,2,1
173000,1,4,1
174000,1,2,1
175000,3,4,1
176000,1,2,1
177000,3,4,1
178000,2,4,1
179000,3,4,1
180000,1,3,1
181000,2,4,1
182000,1,4,1
183000,2,3,1
184000,1,2,1
185000,1,2,1
186000,2,4,1
187000,1,2,1
188000,2,3,1
189000,1,3,1
190000,2,4,1
191000,2,4,1
192000,2,4,1
193000,2,3,1
194000,1,2,1
195000,1,4,1
196000,2,4,1
197000,2,4,1
198000,2,3,1
199000,3,4,1
200000,1,2,1
201000,1,3,1
202000,1,2,1
203000,1,3,1
204000,3,4,1
205000,1,4,1
206000,1,4,0
207000,2,4,1
208000,1,2,1
209000,2,3,1
210000,2,3,1
211000,2,3,1
212000,2,4,1
213000,1,2,1
214000,1,2,1
215000,3,4,1
216000,1,3,1
217000,2,3,1
218000,3,4,1
219000,1,4,1
220000,1,4,1
221000,1,4,1
222000,1,3,1
223000,1,4,1
224000,1,3,1
225000,1,3,1
226000,2,3,1
227000,1,3,1
228000,2,4,1
229000,1,4,1
230000,2,4,1
231000,2,4,1
232000,3,4,1
233000,1,3,1
234000,1,4,1
235000,1,3,1
236000,1,2,1
237000,2,4,1
238000,1,3,1
239000,3,4,1
240000,1,3,1
241000,1,2,1
242000,1,2,1
243000,1,4,1
244000,1,4,1
245000,1,4,1
246000,2,3,1
247000,3,4,1
248000,2,4,1
249000,1,2,1
250000,2,4,1
251000,3,4,1
252000,1,2,1
253000,3,4,1
254000,1,4,1
255000,2,3,1
256000,1,3,1
257000,1,2,1
258000,2,3,1
259000,2,3,1
260000,1,3,1
261000,1,2,1
262000,1,2,1
263000,2,4,1
264000,1,4,1
265000,2,4,1
266000,1,2,1
267000,1,3,1
268000,2,4,1
269000,1,4,1
270000,3,4,1
271000,2,3,1
272000,2,4,1
273000,1,2,1
274000,3,4,1
275000,1,4,1
276000,2,4,1
277000,3,4,1
278000,1,4,1
279000,2,4,1
280000,2,4,1
281000,1,4,0
282000,1,4,1
283000,1,2,1
284000,2,4,1
285000,2,4,1
286000,1,3,1
287000,2,3,1
288000,2,3,1
289000,1,3,1
290000,2,3,1
291000,2,4,1
292000,2,3,1
293000,3,4,1
294000,1,3,1
295000,3,4,1
296000,1,2,1
297000,2,4,1
298000,1,2,1
299000,1,3,1
300000,2,4,1
301000,2,3,1
302000,3,4,1
303000,1,4,1
304000,1,3,1
305000,1,4,0
306000,3,4,1
307000,1,3,1
308000,1,4,1
309000,1,3,1
310000,1,2,1
311000,2,4,1
312000,2,4,1
313000,2,3,1
314000,1,3,1
315000,2,3,1
316000,1,2,1
317000,2,4,1
318000,2,3,1
319000,1,4,1
320000,1,2,1
321000,3,4,1
322000,1,4,1
323000,1,2,1
324000,1,4,1
325000,1,2,1
326000,1,2,1
327000,1,2,1
328000,1,4,1
329000,3,4,1
330000,2,3,1
331000,1,4,1
332000,2,3,1
333000,2,3,1
334000,2,3,1
335000,1,4,1
336000,1,4,1
337000,2,3,1
338000,1,2,1
339000,2,3,1
340000,3,4,1
341000,2,3,1
342000,2,3,0
343000,1,3,1
344000,3,4,1
345000,1,3,1
346000,1,4,1
347000,1,3,1
348000,1,3,1
349000,2,4,1
350000,2,3,1
351000,1,3,0
352000,2,3,1
353000,3,4,1
354000,3,4,1
355000,3,4,1
356000,2,3,1
357000,2,3,1
358000,2,3,1
359000,1,4,1
360000,2,4,1
361000,3,4,1
362000,1,3,1
363000,2,4,1
364000,2,4,1
365000,3,4,1
366000,2,3,1
367000,1,4,1
368000,1,3,1
369000,1,4,1
370000,2,4,1
371000,3,4,1
372000,1,3,1
373000,2,3,1
374000,2,3,1
375000,1,2,1
376000,1,2,1
377000,1,2,1
378000,1,3,1
379000,1,3,1
380000,2,4,1
381000,1,2,1
382000,2,3,1
383000,3,4,1
384000,1,2,1
385000,2,4,1
386000,1,2,1
387000,3,4,1
388000,3,4,1
389000,1,3,1
390000,2,3,1
391000,1,3,1
392000,2,3,1
393000,1,4,1
394000,1,2,1
395000,2,3,1
396000,2,3,1
397000,2,4,1
398000,2,3,1
399000,2,4,1
400000,2,3,1
401000,1,2,1
402000,1,4,1
403000,1,2,1
404000,1,3,1
405000,1,3,1
406000,1,2,1
407000,1,3,1
408000,2,3,1
409000,1,3,1
410000,1,3,1
411000,2,4,1
412000,2,4,1
413000,3,4,1
414000,3,4,1
415000,2,4,1
416000,1,4,1
417000,1,3,1
418000,2,3,1
419000,2,4,1
420000,1,3,1
421000,1,2,1
422000,1,2,1
423000,1,4,1
424000,2,4,1
425000,1,2,1
426000,2,4,1
427000,2,4,1
428000,3,4,1
429000,1,4,1
430000,2,4,1
431000,3,4,1
432000,2,3,1
433000,3,4,1
434000,3,4,1
435000,1,3,1
436000,1,2,1
437000,1,4,1
438000,3,4,1
439000,1,4,1
440000,1,4,1
441000,1,4,1
442000,1,2,1
443000,1,4,1
444000,1,2,1
445000,1,4,1
446000,1,3,1
447000,3,4,1
448000,2,4,1
449000,1,3,1
450000,1,4,1
451000,2,3,1
452000,1,4,1
453000,1,3,1
454000,1,4,1
455000,1,4,1
456000,1,4,1
457000,2,3,1
458000,2,4,1
459000,3,4,1
460000,1,3,1
461000,2,4,1
462000,2,3,1
463000,2,3,1
464000,2,3,1
465000,1,4,1
466000,2,3,1
467000,1,4,1
468000,1,2,1
469000,1,2,1
470000,3,4,1
471000,1,3,1
472000,2,4,1
473000,1,3,1
474000,2,3,1
475000,1,4,1
476000,2,4,1
477000,2,3,1
478000,2,4,1
479000,3,4,1
480000,1,4,1
481000,1,2,1
482000,1,2,1
483000,1,2,1
484000,1,2,1
485000,1,3,1
486000,3,4,1
487000,1,3,1
488000,3,4,1
489000,1,3,1
490000,3,4,1
491000,3,4,1
492000,2,3,1
493000,1,3,1
494000,3,4,1
495000,1,4,1
496000,1,2,1
497000,1,4,1
498000,1,3,1
499000,1,4,1
500000,1,2,1
501000,2,4,1
502000,3,4,1
503000,1,4,1
504000,2,3,1
505000,3,4,1
506000,1,2,1
507000,1,2,1
508000,1,2,1
509000,3,4,1
510000,3,4,1
511000,1,4,1
512000,1,2,1
513000,1,4,1
514000,2,3,1
515000,2,3,1
516000,2,4,1
517000,2,3,1
518000,1,3,1
519000,1,4,1
520000,1,4,1
521000,1,3,1
522000,1,4,1
523000,2,4,1
524000,1,2,1
525000,1,3,1
526000,3,4,1
527000,1,3,1
528000,2,3,1
529000,2,4,1
530000,1,4,1
531000,3,4,1
532000,1,4,1
533000,2,3,1
534000,1,2,1
535000,2,3,1
536000,1,2,1
537000,2,4,1
538000,1,4,1
539000,1,4,1
540000,1,4,1
541000,2,4,1
542000,2,4,1
543000,1,3,1
544000,2,4,1
545000,1,3,1
546000,1,4,1
547000,1,4,1
548000,2,4,1
549000,1,4,1
550000,2,3,1
551000,2,4,1
552000,2,3,1
553000,1,2,1
554000,2,3,1
555000,1,2,1
556000,1,3,1
557000,2,3,1
558000,2,4,1
559000,2,3,1
560000,2,4,1
561000,2,4,1
562000,3,4,1
563000,2,4,1
564000,3,4,1
565000,1,2,1
566000,3,4,1
567000,1,2,1
568000,1,2,1
569000,2,3,1
570000,2,4,1
571000,3,4,1
572000,1,4,1
573000,1,2,1
574000,2,3,1
575000,3,4,1
576000,1,2,1
577000,2,3,1
578000,1,3,1
579000,2,3,1
580000,3,4,1
581000,1,2,1
582000,2,4,1
583000,2,3,1
584000,1,2,1
585000,2,3,1
586000,2,3,1
587000,1,3,1
588000,2,3,1
589000,1,4,1
590000,2,3,1
591000,1,3,1
592000,1,2,1
593000,1,3,1
594000,2,3,1
595000,1,2,1
596000,1,4,1
597000,2,4,1
598000,1,2,1
599000,1,3,1
600000,3,4,1
601000,2,4,1
602000,1,4,1
603000,3,4,1
604000,1,3,1
605000,2,4,1
606000,1,2,1
607000,2,3,1
608000,2,3,1
609000,3,4,1
610000,3,4,1
611000,3,4,1
612000,2,3,1
613000,1,2,1
614000,1,2,1
615000,3,4,1
616000,1,3,1
617000,1,2,1
618000,1,2,1
619000,3,4,0
620000,1,4,1
621000,1,4,1
622000,1,3,1
623000,2,4,1
624000,1,2,1
625000,2,4,1
626000,1,4,1
627000,2,4,1
628000,2,4,1
629000,2,3,1
630000,1,4,1
631000,2,3,1
632000,3,4,1
633000,2,4,1
634000,1,4,1
635000,1,4,1
636000,3,4,1
637000,1,4,1
638000,2,3,1
639000,3,4,1
640000,1,2,1
641000,1,2,1
642000,3,4,1
643000,1,2,1
644000,3,4,1
645000,2,4,1
646000,1,2,1
647000,1,4,1
648000,1,3,1
649000,2,4,1
650000,2,4,1
651000,2,3,1
652000,2,3,1
653000,1,3,1
654000,1,2,1
655000,1,3,1
656000,1,4,1
657000,1,2,1
658000,2,3,1
659000,3,4,1
660000,2,3,1
661000,2,4,1
662000,2,3,1
663000,3,4,1
664000,2,4,1
665000,1,4,1
666000,1,4,1
667000,3,4,1
668000,3,4,1
669000,2,3,1
670000,2,4,1
671000,1,4,1
672000,1,4,1
673000,1,3,1
674000,1,4,1
675000,1,3,1
676000,1,2,1
677000,1,4,1
678000,2,4,1
679000,1,3,1
680000,1,2,1
681000,1,3,1
682000,3,4,1
683000,2,3,1
684000,1,2,1
685000,1,3,0
686000,2,3,1
687000,1,4,1
688000,2,4,1
689000,1,4,1
690000,1,3,1
691000,2,3,1
692000,2,4,1
693000,1,4,1
694000,2,4,1
695000,2,3,1
696000,2,4,1
697000,3,4,1
698000,2,4,1
699000,2,3,1
700000,1,2,1
701000,2,3,1
702000,3,4,1
703000,2,4,1
704000,1,2,1
705000,3,4,1
706000,2,3,1
707000,1,3,1
708000,2,4,1
709000,2,3,1
710000,2,4,1
711000,1,3,1
712000,2,3,1
713000,1,2,1
714000,2,4,1
715000,1,2,1
716000,2,3,1
717000,1,3,1
718000,1,3,1
719000,1,2,1
720000,1,3,1
721000,1,2,1
722000,1,3,1
723000,1,3,1
724000,2,4,1
725000,1,2,1
726000,1,3,1
727000,1,3,1
728000,2,4,1
729000,2,3,1
730000,2,3,1
731000,2,4,1
732000,2,4,1
733000,3,4,0
734000,2,4,1
735000,1,4,1
736000,3,4,1
737000,3,4,1
738000,1,4,1
739000,2,4,1
740000,2,3,1
741000,1,2,1
742000,3,4,1
743000,2,3,1
744000,1,4,1
745000,3,4,1
746000,1,4,1
747000,2,4,0
748000,1,3,1
749000,1,4,1
750000,2,3,1
751000,3,4,1
752000,1,3,1
753000,1,2,1
754000,1,3,1
755000,1,3,1
756000,2,3,1
757000,2,3,1
758000,2,3,1
759000,3,4,1
760000,2,3,1
761000,2,3,1
762000,3,4,1
763000,2,3,1
764000,1,2,1
765000,2,4,1
766000,1,3,1
767000,2,3,1
768000,1,3,1
769000,2,3,1
770000,1,3,1
771000,2,3,1
772000,2,4,1
773000,2,4,1
774000,1,3,1
775000,1,4,1
776000,3,4,1
777000,1,3,1
778000,1,2,1
779000,1,4,1
780000,1,3,1
781000,1,3,1
782000,3,4,1
783000,3,4,1
784000,1,4,1
785000,1,3,1
786000,1,4,1
787000,2,4,1
788000,1,3,1
789000,2,4,1
790000,2,3,1
791000,2,3,1
792000,3,4,1
793000,2,4,1
794000,1,4,1
795000,1,4,1
796000,2,4,1
797000,1,2,1
798000,1,4,1
799000,1,2,1
800000,2,3,1
801000,1,2,1
802000,1,3,1
803000,1,3,1
804000,2,4,1
805000,1,3,1
806000,1,4,1
807000,2,3,1
808000,1,4,1
809000,3,4,1
810000,1,4,1
811000,3,4,1
812000,2,3,1
813000,2,3,1
814000,3,4,1
815000,1,3,1
816000,2,3,1
817000,1,2,1
818000,1,3,1
819000,1,2,1
820000,1,4,1
821000,2,4,1
822000,1,3,1
823000,1,4,1
824000,3,4,0
825000,1,3,1
826000,1,4,1
827000,3,4,1
828000,1,2,1
829000,1,2,1
830000,2,3,1
831000,1,4,1
832000,3,4,1
833000,3,4,1
834000,3,4,1
835000,1,4,1
836000,1,2,1
837000,1,3,1
838000,1,3,1
839000,1,3,1
840000,1,2,1
841000,1,2,1
842000,2,4,1
843000,1,3,1
844000,1,3,1
845000,1,3,1
846000,3,4,1
847000,2,3,1
848000,3,4,1
849000,3,4,1
850000,1,2,1
851000,3,4,1
852000,2,4,1
853000,2,4,1
854000,1,4,1
855000,3,4,1
856000,1,3,1
857000,1,2,1
858000,2,3,1
859000,2,3,1
860000,2,4,1
861000,1,2,1
862000,2,3,1
863000,2,3,1
864000,2,4,1
865000,1,4,1
866000,1,2,1
867000,2,3,1
868000,1,3,1
869000,2,4,1
870000,2,4,1
871000,1,4,1
872000,2,3,1
873000,1,4,1
874000,1,2,1
875000,2,3,1
876000,2,3,1
877000,1,3,1
878000,2,3,1
879000,1,3,1
880000,2,4,1
881000,1,2,1
882000,1,3,1
883000,1,4,1
884000,1,3,1
885000,2,3,1
886000,2,4,1
887000,1,4,1
888000,1,2,1
889000,3,4,1
890000,2,4,1
891000,1,4,1
892000,2,4,1
893000,1,2,1
894000,3,4,1
895000,3,4,1
896000,2,4,1
897000,2,4,1
898000,1,3,1
899000,3,4,1
900000,1,3,1
901000,3,4,1
902000,1,2,1
903000,2,4,1
904000,3,4,1
905000,1,4,1
906000,3,4,0
907000,1,3,1
908000,1,3,1
909000,3,4,1
910000,3,4,1
911000,1,3,1
912000,2,4,1
913000,2,4,1
914000,1,3,1
915000,2,3,1
916000,1,4,1
917000,1,2,1
918000,2,3,1
919000,3,4,1
920000,2,3,1
921000,1,4,1
922000,2,4,1
923000,1,4,1
924000,1,3,1
925000,1,4,1
926000,1,3,1
927000,1,4,1
928000,1,3,1
929000,1,3,1
930000,2,4,1
931000,2,4,1
932000,3,4,1
933000,3,4,1
934000,1,2,1
935000,1,3,1
936000,1,4,1
937000,1,4,1
938000,2,3,1
939000,3,4,1
940000,2,3,1
941000,1,2,1
942000,3,4,1
943000,1,4,1
944000,3,4,1
945000,1,3,1
946000,2,4,1
947000,2,3,1
948000,1,3,1
949000,2,4,1
950000,2,4,1
951000,1,2,1
952000,2,3,1
953000,1,3,1
954000,1,4,1
955000,1,3,1
956000,2,4,1
957000,1,2,1
958000,1,4,1
959000,3,4,1
960000,2,3,1
961000,1,3,1
962000,1,2,1
963000,2,3,1
964000,2,3,1
965000,1,2,1
966000,1,4,1
967000,1,3,1
968000,2,4,1
969000,2,4,1
970000,1,2,1
971000,2,4,1
972000,1,3,1
973000,2,3,1
974000,3,4,1
975000,2,3,1
976000,1,4,1
977000,2,3,1
978000,2,4,1
979000,3,4,1
980000,1,3,1
981000,2,4,1
982000,2,3,1
983000,2,4,1
984000,3,4,1
985000,1,3,1
986000,2,3,1
987000,1,2,1
988000,1,3,1
989000,2,4,1
990000,1,4,1
991000,1,2,1
992000,2,4,1
993000,1,3,1
994000,3,4,1
995000,3,4,1
996000,1,2,1
997000,2,3,1
998000,1,2,1
999000,2,3,1
1000000,1,4,1
1001000,1,4,1
1002000,1,4,0
1003000,1,4,1
1004000,3,4,1
1005000,2,4,1
1006000,2,4,1
1007000,2,3,1
1008000,2,3,1
1009000,1,4,1
1010000,2,4,1
1011000,3,4,1
1012000,1,2,1
1013000,1,4,1
1014000,3,4,1
1015000,2,3,1
1016000,2,3,1
1017000,2,3,1
1018000,2,3,1
1019000,3,4,1
1020000,2,4,1
1021000,3,4,1
1022000,3,4,1
1023000,1,4,1
1024000,2,3,1
1025000,1,4,1
1026000,1,2,1
1027000,2,3,1
1028000,3,4,1
1029000,2,4,1
1030000,2,4,0
1031000,3,4,1
1032000,1,2,1
1033000,1,4,1
1034000,1,3,1
1035000,2,4,1
1036000,1,3,1
1037000,1,3,1
1038000,3,4,1
1039000,1,4,1
1040000,2,3,1
1041000,2,4,1
1042000,2,4,1
1043000,1,4,1
1044000,3,4,1
1045000,1,4,1
1046000,1,2,1
1047000,1,3,1
1048000,2,3,1
1049000,1,2,1
1050000,1,3,1
1051000,1,4,1
1052000,1,2,1
1053000,1,3,1
1054000,1,3,1
1055000,1,4,1
1056000,1,2,1
1057000,1,3,1
1058000,2,4,1
1059000,1,3,1
1060000,2,4,1
1061000,3,4,1
1062000,3,4,1
1063000,1,2,1
1064000,2,4,1
1065000,1,4,1
1066000,2,3,1
1067000,1,2,0
1068000,1,4,1
1069000,2,4,1
1070000,3,4,1
1071000,2,3,1
1072000,1,4,1
1073000,1,4,1
1074000,1,3,1
1075000,1,2,1
1076000,3,4,1
1077000,1,2,1
1078000,2,3,1
1079000,1,2,1
1080000,1,4,1
1081000,1,3,1
1082000,1,4,1
1083000,2,3,1
1084000,3,4,1
1085000,2,4,1
1086000,2,4,1
1087000,1,3,1
1088000,1,2,1
1089000,1,2,1
1090000,2,3,1
1091000,1,3,0
1092000,1,4,1
1093000,2,4,1
1094000,3,4,1
1095000,2,4,1
1096000,1,4,1
1097000,3,4,1
1098000,1,3,1
1099000,2,4,1
1100000,2,3,1
1101000,1,3,1
1102000,3,4,1
1103000,1,4,1
1104000,3,4,1
1105000,2,4,1
1106000,2,4,1
1107000,1,3,1
1108000,3,4,1
1109000,2,4,1
1110000,3,4,1
1111000,1,2,1
1112000,1,4,1
1113000,2,4,1
1114000,1,4,1
1115000,1,4,1
1116000,1,4,1
1117000,1,4,1
1118000,1,3,1
1119000,3,4,1
1120000,1,3,1
1121000,2,4,1
1122000,1,2,1
1123000,2,3,1
1124000,2,4,1
1125000,1,4,1
1126000,2,4,1
1127000,3,4,1
1128000,2,3,1
1129000,1,2,1
1130000,2,4,1
1131000,3,4,1
1132000,1,4,1
1133000,2,3,1
1134000,1,2,1
1135000,1,4,1
1136000,1,4,1
1137000,2,4,1
1138000,3,4,1
1139000,1,4,1
1140000,3,4,1
1141000,1,4,1
1142000,3,4,1
1143000,3,4,1
1144000,1,3,1
1145000,2,3,1
1146000,2,4,1
1147000,2,3,1
1148000,1,4,1
1149000,3,4,1
1150000,1,4,1
1151000,2,3,1
1152000,2,3,1
1153000,2,4,1
1154000,2,3,1
1155000,1,2,1
1156000,1,2,1
1157000,2,4,1
1158000,2,3,1
1159000,2,3,1
1160000,2,4,1
1161000,1,2,1
1162000,1,2,1
1163000,1,2,1
1164000,2,4,1
1165000,2,3,1
1166000,1,2,1
1167000,2,3,1
1168000,2,4,1
1169000,3,4,1
1170000,1,2,1
1171000,2,3,1
1172000,2,3,1
1173000,2,4,1
1174000,3,4,1
1175000,2,3,1
1176000,1,4,1
1177000,2,4,0
1178000,1,4,1
1179000,2,3,1
1180000,2,3,1
1181000,1,2,1
1182000,2,4,1
1183000,1,4,1
1184000,1,4,1
1185000,3,4,1
1186000,1,4,1
1187000,1,2,1
1188000,1,3,1
1189000,1,4,1
1190000,2,3,1
1191000,2,4,1
1192000,1,4,1
1193000,1,4,1
1194000,2,3,1
1195000,1,4,1
1196000,2,4,1
1197000,3,4,1
1198000,3,4,1
1199000,2,3,1
1200000,2,4,1
1201000,1,3,1
1202000,3,4,1
1203000,1,3,1
1204000,2,3,1
1205000,1,2,1
1206000,1,3,1
1207000,2,3,1
1208000,1,4,1
1209000,3,4,1
1210000,1,2,1
1211000,1,2,1
1212000,1,4,1
1213000,1,4,1
1214000,1,2,0
1215000,2,3,1
1216000,2,4,1
1217000,1,4,1
1218000,3,4,1
1219000,2,4,1
1220000,2,4,1
1221000,1,4,1
1222000,1,4,1
1223000,1,2,1
1224000,2,4,1
1225000,2,4,1
1226000,1,4,1
1227000,3,4,1
1228000,2,3,1
1229000,2,3,1
1230000,1,2,0
1231000,2,4,1
1232000,3,4,1
1233000,2,3,1
1234000,3,4,1
1235000,3,4,1
1236000,2,3,1
1237000,1,4,1
1238000,2,3,1
1239000,1,2,1
1240000,1,4,1
1241000,3,4,1
1242000,1,3,1
1243000,2,3,1
1244000,2,3,1
1245000,1,2,1
1246000,1,4,1
1247000,1,4,1
1248000,3,4,1
1249000,1,4,1
1250000,1,2,1
1251000,1,4,1
1252000,2,4,1
1253000,2,3,1
1254000,1,4,1
1255000,2,3,1
1256000,1,4,1
1257000,1,2,1
1258000,2,3,1
1259000,2,4,1
1260000,1,2,1
1261000,2,4,1
1262000,1,2,1
1263000,3,4,1
1264000,2,3,1
1265000,3,4,1
1266000,1,4,0
1267000,2,4,1
1268000,1,2,1
1269000,1,4,1
1270000,2,4,1
1271000,3,4,1
1272000,1,4,1
1273000,1,4,1
1274000,3,4,1
1275000,1,2,1
1276000,2,4,1
1277000,1,3,1
1278000,2,3,1
1279000,1,2,1
1280000,1,3,1
1281000,2,4,1
1282000,2,4,1
1283000,1,2,1
1284000,1,4,0
1285000,1,2,1
1286000,1,4,1
1287000,1,2,1
1288000,2,4,1
1289000,1,2,1
1290000,2,3,1
1291000,1,3,1
1292000,1,3,1
1293000,1,4,1
1294000,2,3,1
1295000,1,4,1
1296000,1,3,1
1297000,1,2,1
1298000,1,2,1
1299000,2,4,1
1300000,3,4,1
1301000,1,3,1
1302000,1,3,1
1303000,1,3,1
1304000,3,4,1
1305000,1,4,1
1306000,2,3,1
1307000,1,4,1
1308000,2,3,1
1309000,2,4,1
1310000,1,3,1
1311000,1,4,1
1312000,3,4,1
1313000,2,3,1
1314000,2,3,1
1315000,1,3,1
1316000,1,3,1
1317000,1,2,1
1318000,1,2,1
1319000,1,2,1
1320000,1,4,1
1321000,1,4,0
1322000,1,3,1
1323000,2,3,1
1324000,1,2,1
1325000,1,3,1
1326000,2,4,1
1327000,2,3,1
1328000,1,2,1
1329000,1,2,1
1330000,1,2,1
1331000,2,3,1
1332000,1,4,1
1333000,1,4,1
1334000,1,2,1
1335000,2,4,1
1336000,1,4,1
1337000,3,4,1
1338000,2,4,1
1339000,3,4,1
1340000,1,3,1
1341000,2,4,1
1342000,1,2,1
1343000,2,3,1
1344000,2,4,1
1345000,3,4,1
1346000,3,4,1
1347000,1,2,1
1348000,1,2,1
1349000,2,3,1
1350000,1,4,1
1351000,1,4,1
1352000,3,4,1
1353000,3,4,1
1354000,1,3,1
1355000,3,4,1
1356000,2,3,1
1357000,2,4,1
1358000,1,4,1
1359000,1,3,1
1360000,1,3,1
1361000,1,4,1
1362000,3,4,1
1363000,1,4,1
1364000,1,4,1
1365000,1,4,1
1366000,2,3,1
1367000,2,3,1
1368000,1,2,1
1369000,2,3,1
1370000,2,3,1
1371000,1,2,1
1372000,1,2,1
1373000,2,3,1
1374000,3,4,1
1375000,2,3,1
1376000,3,4,1
1377000,1,3,1
1378000,1,3,1
1379000,1,3,1
1380000,1,2,1
1381000,3,4,1
1382000,1,2,1
1383000,2,3,1
1384000,2,4,1
1385000,1,3,1
1386000,3,4,1
1387000,2,4,1
1388000,2,3,1
1389000,2,3,1
1390000,2,3,0
1391000,1,4,1
1392000,1,2,1
1393000,1,4,1
1394000,2,4,1
1395000,2,3,1
1396000,1,3,1
1397000,2,3,1
1398000,1,3,1
1399000,1,2,1
1400000,1,4,1
1401000,3,4,1
1402000,2,4,1
1403000,2,4,1
1404000,3,4,1
1405000,1,4,1
1406000,1,2,1
1407000,3,4,1
1408000,1,2,1
1409000,1,3,1
1410000,1,4,1
1411000,1,4,1
1412000,2,3,1
1413000,2,4,1
1414000,1,2,1
1415000,3,4,1
1416000,1,3,1
1417000,2,4,1
1418000,3,4,1
1419000,1,2,1
1420000,2,3,1
1421000,3,4,1
1422000,1,4,1
1423000,2,4,1
1424000,3,4,1
1425000,1,2,1
1426000,2,4,1
1427000,1,2,1
1428000,1,3,1
1429000,3,4,1
1430000,1,2,1
1431000,1,2,1
1432000,1,4,1
1433000,1,4,1
1434000,1,3,1
1435000,1,3,0
1436000,1,3,1
1437000,2,3,1
1438000,1,3,1
1439000,2,4,1
1440000,1,4,1
1441000,1,3,1
1442000,2,3,1
1443000,1,3,1
1444000,2,3,1
1445000,2,3,1
1446000,3,4,1
1447000,2,4,1
1448000,1,4,1
1449000,1,2,1
1450000,1,2,1
1451000,2,4,1
1452000,1,3,1
1453000,1,2,1
1454000,1,2,1
1455000,2,4,1
1456000,1,4,1
1457000,2,4,1
1458000,1,3,1
1459000,2,3,1
1460000,2,3,1
1461000,1,3,1
1462000,2,3,1
1463000,1,2,1
1464000,2,3,1
1465000,1,4,1
1466000,1,3,1
1467000,2,4,1
1468000,1,4,1
1469000,1,2,1
1470000,3,4,1
1471000,1,4,1
1472000,1,3,1
1473000,1,4,1
1474000,1,2,1
1475000,2,4,1
1476000,3,4,1
1477000,1,3,0
1478000,1,2,1
1479000,3,4,1
1480000,1,3,1
1481000,1,2,1
1482000,1,4,1
1483000,1,3,1
1484000,1,4,1
1485000,2,3,1
1486000,1,2,1
1487000,1,2,1
1488000,3,4,1
1489000,2,3,1
1490000,2,4,0
1491000,1,2,1
1492000,3,4,1
1493000,1,3,0
1494000,1,4,1
1495000,1,4,0
1496000,3,4,1
1497000,1,2,1
1498000,3,4,1
1499000,2,4,1
1500000,1,4,1
1501000,3,4,1
1502000,1,2,1
1503000,1,2,1
1504000,2,4,1
1505000,1,4,1
1506000,1,4,1
1507000,1,4,1
1508000,2,4,1
1509000,1,4,1
1510000,1,2,1
1511000,1,2,1
1512000,1,2,1
1513000,2,3,1
1514000,2,3,1
1515000,3,4,1
1516000,2,3,1
1517000,2,4,1
1518000,2,3,1
1519000,1,4,0
1520000,3,4,1
1521000,2,3,1
1522000,1,3,1
1523000,1,3,1
1524000,1,3,1
1525000,3,4,1
1526000,2,3,1
1527000,1,3,1
1528000,2,3,1
1529000,1,3,1
1530000,2,3,1
1531000,2,3,1
1532000,2,4,1
1533000,2,3,1
1534000,3,4,1
1535000,1,2,1
1536000,2,3,1
1537000,1,4,1
1538000,2,4,1
1539000,1,4,1
1540000,1,3,1
1541000,2,4,1
1542000,1,2,1
1543000,1,3,1
1544000,3,4,1
1545000,2,3,1
1546000,1,4,1
1547000,1,2,1
1548000,1,4,1
1549000,2,3,1
1550000,1,4,0
1551000,2,4,1
1552000,1,2,1
1553000,2,4,1
1554000,1,4,1
1555000,1,3,1
1556000,1,2,1
1557000,1,3,1
1558000,1,2,1
1559000,1,2,1
1560000,1,3,1
1561000,1,3,1
1562000,2,4,1
1563000,3,4,1
1564000,1,4,1
1565000,1,2,1
1566000,1,2,1
1567000,3,4,1
1568000,3,4,1
1569000,2,4,1
1570000,1,2,1
1571000,3,4,1
1572000,1,2,1
1573000,2,3,1
1574000,1,3,1
1575000,1,4,1
1576000,2,4,1
1577000,3,4,1
1578000,1,4,1
1579000,1,4,1
1580000,1,4,1
1581000,2,4,1
1582000,2,4,1
1583000,1,3,1
1584000,2,4,1
1585000,3,4,1
1586000,3,4,1
1587000,1,3,1
1588000,2,4,1
1589000,1,2,1
1590000,2,4,1
1591000,2,3,1
1592000,2,3,1
1593000,2,4,1
1594000,1,2,1
1595000,2,3,1
1596000,2,4,1
1597000,3,4,1
1598000,2,4,1
1599000,1,3,1
1600000,3,4,1
1601000,2,4,1
1602000,2,4,1
1603000,1,4,1
1604000,3,4,1
1605000,3,4,1
1606000,2,4,1
1607000,3,4,1
1608000,3,4,1
1609000,2,3,1
1610000,1,3,1
1611000,2,3,1
1612000,1,4,1
1613000,1,3,1
1614000,3,4,1
1615000,1,3,1
1616000,2,3,1
1617000,3,4,1
1618000,1,2,1
1619000,1,4,1
1620000,1,3,1
1621000,1,4,1
1622000,1,4,1
1623000,1,3,1
1624000,3,4,1
1625000,3,4,1
1626000,3,4,1
1627000,2,4,1
1628000,1,4,1
1629000,1,4,1
1630000,3,4,1
1631000,2,4,1
1632000,1,3,1
1633000,2,3,1
1634000,2,4,1
1635000,1,3,1
1636000,1,2,1
1637000,2,3,1
1638000,1,4,0
1639000,2,3,1
1640000,1,4,1
1641000,1,4,1
1642000,1,4,1
1643000,2,4,1
1644000,2,3,1
1645000,1,2,1
1646000,2,3,1
1647000,2,3,1
1648000,1,4,1
1649000,3,4,1
1650000,2,3,1
1651000,2,4,0
1652000,1,4,1
1653000,1,2,1
1654000,2,4,1
1655000,1,3,1
1656000,1,4,1
1657000,1,4,0
1658000,2,3,1
1659000,1,2,1
1660000,1,4,1
1661000,1,2,1
1662000,1,3,1
1663000,1,4,1
1664000,3,4,1
1665000,2,3,1
1666000,2,3,1
1667000,3,4,1
1668000,1,3,1
1669000,2,4,1
1670000,2,4,1
1671000,3,4,1
1672000,2,3,1
1673000,1,3,1
1674000,2,3,1
1675000,2,4,1
1676000,1,2,1
1677000,2,4,1
1678000,2,3,1
1679000,1,4,1
1680000,2,3,1
1681000,1,3,1
1682000,2,3,1
1683000,2,4,1
1684000,2,4,1
1685000,1,4,1
1686000,1,3,1
1687000,1,4,1
1688000,2,4,1
1689000,3,4,1
1690000,1,4,1
1691000,2,3,1
1692000,1,2,1
1693000,1,3,1
1694000,1,4,1
1695000,3,4,1
1696000,2,3,1
1697000,2,3,1
1698000,1,4,1
1699000,2,3,1
1700000,1,2,1
1701000,2,4,1
1702000,1,4,1
1703000,2,3,1
1704000,1,2,1
1705000,2,3,1
1706000,2,3,1
1707000,1,4,1
1708000,2,3,1
1709000,3,4,1
1710000,1,2,1
1711000,1,2,1
1712000,1,2,1
1713000,3,4,1
1714000,1,4,1
1715000,1,2,1
1716000,1,3,1
1717000,2,4,1
1718000,3,4,1
1719000,1,3,1
1720000,1,3,1
1721000,1,2,1
1722000,1,3,1
1723000,1,4,1
1724000,1,4,1
1725000,2,4,1
1726000,3,4,1
1727000,2,3,1
1728000,1,3,1
1729000,1,2,1
1730000,2,4,1
1731000,2,3,1
1732000,1,2,1
1733000,3,4,1
1734000,1,4,1
1735000,1,3,1
1736000,2,3,1
1737000,3,4,1
1738000,2,3,1
1739000,1,3,1
1740000,3,4,1
1741000,2,4,1
1742000,1,4,1
1743000,1,3,1
1744000,2,4,1
1745000,2,3,1
1746000,1,4,1
1747000,3,4,1
1748000,3,4,1
1749000,2,4,1
1750000,3,4,1
1751000,2,3,1
1752000,2,3,1
1753000,1,3,1
1754000,1,4,1
1755000,2,4,1
1756000,2,4,1
1757000,1,4,1
1758000,2,4,1
1759000,1,2,1
1760000,1,4,1
1761000,1,2,1
1762000,1,4,1
1763000,2,3,1
1764000,2,3,1
1765000,1,3,1
1766000,2,3,1
1767000,2,3,1
1768000,2,3,1
1769000,1,3,1
1770000,1,4,0
1771000,2,4,1
1772000,2,3,1
1773000,2,3,1
1774000,3,4,1
1775000,1,4,1
1776000,1,4,1
1777000,1,3,1
1778000,2,3,1
1779000,2,4,1
1780000,2,4,1
1781000,3,4,1
1782000,1,3,1
1783000,2,4,1
1784000,2,3,1
1785000,2,4,1
1786000,2,4,1
1787000,3,4,1
1788000,1,4,1
1789000,2,4,1
1790000,2,3,1
1791000,1,4,1
1792000,1,2,1
1793000,1,3,1
1794000,1,3,1
1795000,2,4,1
1796000,1,4,1
1797000,1,3,1
1798000,1,4,0
1799000,2,4,1
1800000,1,2,1
1801000,3,4,1
1802000,2,3,1
1803000,3,4,1
1804000,1,4,1
1805000,2,4,1
1806000,3,4,1
1807000,1,2,1
1808000,1,2,1
1809000,3,4,1
1810000,1,4,1
1811000,3,4,1
1812000,2,4,1
1813000,2,4,1
1814000,1,3,1
1815000,2,4,1
1816000,2,3,1
1817000,1,2,1
1818000,1,2,1
1819000,2,3,1
1820000,2,4,1
1821000,3,4,1
1822000,2,4,1
1823000,1,2,1
1824000,1,2,1
1825000,2,3,1
1826000,2,3,1
1827000,1,3,1
1828000,2,4,1
1829000,1,3,1
1830000,1,4,1
1831000,3,4,1
1832000,2,4,1
1833000,1,3,1
1834000,2,4,1
1835000,3,4,1
1836000,1,4,1
1837000,1,4,1
1838000,2,4,1
1839000,2,3,1
1840000,3,4,1
1841000,2,4,1
1842000,1,4,1
1843000,2,4,1
1844000,2,4,1
1845000,3,4,1
1846000,1,4,1
1847000,3,4,1
1848000,2,4,1
1849000,2,4,1
1850000,2,4,1
1851000,1,2,0
1852000,1,2,1
1853000,2,3,1
1854000,1,4,1
1855000,1,3,1
1856000,2,3,1
1857000,1,4,1
1858000,2,3,1
1859000,1,4,1
1860000,2,4,1
1861000,1,3,1
1862000,3,4,1
1863000,1,3,1
1864000,1,2,1
1865000,3,4,1
1866000,1,3,0
1867000,1,2,1
1868000,1,3,1
1869000,1,3,1
1870000,2,3,1
1871000,3,4,1
1872000,1,3,1
1873000,1,4,1
1874000,1,4,1
1875000,1,3,1
1876000,1,4,1
1877000,1,3,1
1878000,1,2,1
1879000,1,4,1
1880000,2,4,1
1881000,3,4,1
1882000,3,4,1
1883000,2,4,1
1884000,2,3,1
1885000,2,4,1
1886000,1,4,1
1887000,1,3,1
1888000,3,4,1
1889000,2,3,1
1890000,2,4,1
1891000,1,4,1
1892000,1,2,1
1893000,1,4,1
1894000,2,3,1
1895000,2,3,1
1896000,3,4,1
1897000,2,4,1
1898000,1,4,1
1899000,3,4,1
1900000,3,4,1
1901000,1,2,1
1902000,2,4,1
1903000,1,2,1
1904000,1,3,1
1905000,3,4,1
1906000,1,4,1
1907000,2,4,1
1908000,1,2,1
1909000,2,4,1
1910000,2,3,1
1911000,1,3,1
1912000,1,3,1
1913000,1,3,1
1914000,2,4,1
1915000,2,3,1
1916000,3,4,1
1917000,2,4,1
1918000,1,2,1
1919000,2,3,1
1920000,1,4,1
1921000,2,3,1
1922000,1,3,1
1923000,2,4,1
1924000,2,4,1
1925000,2,4,1
1926000,1,3,1
1927000,3,4,1
1928000,1,4,1
1929000,3,4,1
1930000,2,3,1
1931000,1,4,1
1932000,3,4,1
1933000,3,4,1
1934000,1,3,1
1935000,2,3,1
1936000,1,2,1
1937000,2,4,1
1938000,1,2,1
1939000,1,2,1
1940000,1,2,1
1941000,3,4,1
1942000,3,4,1
1943000,2,4,1
1944000,1,4,1
1945000,2,4,1
1946000,2,3,1
1947000,1,3,1
1948000,1,4,1
1949000,2,4,1
1950000,3,4,1
1951000,2,4,1
1952000,1,3,1
1953000,3,4,1
1954000,1,2,1
1955000,1,3,1
1956000,2,3,1
1957000,2,4,1
1958000,1,3,1
1959000,2,3,1
1960000,2,3,1
1961000,1,3,1
1962000,2,4,1
1963000,2,3,1
1964000,1,4,1
1965000,1,4,1
1966000,2,3,1
1967000,1,4,1
1968000,1,4,1
1969000,1,4,1
1970000,2,4,1
1971000,2,3,1
1972000,1,2,1
1973000,1,4,1
1974000,1,3,1
1975000,1,3,1
1976000,1,4,1
1977000,1,4,1
1978000,1,3,1
1979000,1,4,1
1980000,2,3,1
1981000,1,2,1
1982000,1,2,1
1983000,1,4,1
1984000,2,3,1
1985000,1,3,1
1986000,1,3,1
1987000,1,4,1
1988000,1,4,1
1989000,1,4,1
1990000,1,2,1
1991000,1,4,1
1992000,1,2,1
1993000,1,3,1
1994000,2,3,1
1995000,3,4,1
1996000,2,4,1
1997000,3,4,1
1998000,1,2,0
1999000,1,4,1
2000000,3,4,1
