generation,N_shifts,logPrior,logLik,eventRate,acceptRate
0,0,-1.95594,-92.1087,1,0
1000,0,-2.05909,-53.5701,0.662161,0.376623
2000,0,-2.12599,-54.6042,0.620355,0.515
3000,0,-2.08203,-54.467,0.667128,0.427857
4000,1,-5.64423,-56.0293,1.28748,0.3415
5000,0,-1.72602,-53.2903,0.380494,0.4048
6000,0,-1.83563,-53.4021,0.468516,0.407
7000,0,-1.55519,-53.6822,0.318485,0.337
8000,0,-1.59086,-54.1549,0.0902839,0.382
9000,0,-1.53347,-54.6757,0.10277,0.446
10000,0,-1.58846,-54.5635,0.0774401,0.389761
11000,0,-1.34651,-53.1733,0.0261725,0.374714
12000,0,-1.49072,-53.8813,0.106814,0.321
13000,0,-2.42778,-54.6014,0.888355,0.365
14000,0,-1.5565,-53.6591,0.140044,0.374
15000,0,-1.52701,-53.4122,0.163433,0.381
16000,0,-1.69641,-54.488,0.233247,0.369
17000,0,-2.15833,-56.5595,0.918919,0.376
18000,0,-2.96515,-57.3775,0.892364,0.3698
19000,1,-3.819,-53.4997,0.782865,0.3571
20000,0,-2.19032,-54.772,0.633113,0.397
21000,0,-2.48431,-53.6322,1.07317,0.37025
22000,0,-2.70664,-61.1578,0.023545,0.37975
23000,1,-4.9597,-52.8544,2.2745,0.380875
24000,0,-2.87166,-57.2533,0.852028,0.508
25000,0,-1.71449,-53.922,0.280163,0.354
26000,0,-1.7233,-53.6352,0.314378,0.4292
27000,0,-1.52471,-53.2693,0.23342,0.398857
28000,1,-3.13822,-53.396,0.719156,0.435
29000,0,-1.37586,-53.219,0.0726931,0.365
30000,0,-1.34916,-53.0874,0.104139,0.342
31000,0,-1.41557,-53.5234,0.194743,0.3842
32000,0,-1.67972,-53.6629,0.307377,0.3729
33000,0,-1.91122,-54.4773,0.458497,0.394625
34000,0,-2.98057,-54.6953,1.42546,0.351
35000,0,-1.55255,-53.6014,0.150287,0.349
36000,0,-1.47531,-53.7985,0.096621,0.43
37000,0,-2.34118,-53.2348,1.0067,0.403
38000,0,-1.26275,-53.7124,0.060244,0.39975
39000,0,-1.69306,-55.6262,0.256321,0.408714
40000,0,-1.75038,-54.1336,0.284113,0.314
41000,0,-1.56655,-53.8405,0.1183,0.342
42000,0,-1.61087,-54.7459,0.0117265,0.364
43000,0,-4.77498,-53.0965,3.47866,0.383
44000,0,-2.03512,-55.8302,0.472453,0.3745
45000,0,-2.55117,-55.9168,0.732327,0.394
46000,0,-1.70563,-53.4227,0.360651,0.388222
47000,0,-1.5775,-53.11,0.268057,0.349
48000,0,-1.99684,-55.4127,0.48642,0.368
49000,1,-6.98197,-53.8459,1.96455,0.531
50000,0,-2.10119,-53.7754,0.786837,0.4146
51000,0,-1.49971,-53.334,0.159456,0.337
52000,0,-2.52129,-53.9782,1.09013,0.388667
53000,0,-1.94241,-56.7791,0.0944152,0.38575
54000,1,-5.50679,-55.3744,2.07045,0.432
55000,0,-2.59171,-53.1322,1.31354,0.396917
56000,2,-6.08887,-54.2944,1.10952,0.462
57000,1,-4.84085,-54.3369,1.26997,0.393
58000,1,-4.78836,-53.5867,0.163749,0.43575
59000,0,-2.02705,-54.4071,0.475251,0.394
60000,0,-1.62479,-54.2382,0.108413,0.351
61000,0,-1.54316,-53.6813,0.328322,0.410778
62000,0,-1.55894,-53.6268,0.165752,0.336
63000,0,-3.71153,-53.9701,2.33158,0.359
64000,0,-1.50357,-53.1208,0.192097,0.377714
65000,0,-3.12867,-54.2709,1.94556,0.318
66000,0,-1.88397,-53.3198,0.53925,0.387333
67000,0,-1.48217,-53.4837,0.107771,0.396688
68000,0,-2.29281,-54.926,0.651237,0.316
69000,0,-1.86822,-54.6412,0.448036,0.39075
70000,0,-2.6312,-53.0854,1.34335,0.3405
71000,1,-3.00828,-53.39,0.0268205,0.455
72000,0,-2.14293,-54.3698,0.597351,0.363
73000,2,-5.96196,-53.4307,2.07087,0.3895
74000,0,-1.7739,-58.0884,0.0938977,0.398
75000,0,-1.85201,-55.838,0.10062,0.3635
76000,0,-1.74638,-53.6268,0.3358,0.37475
77000,0,-1.51135,-53.1971,0.22259,0.361
78000,0,-1.73158,-54.3185,0.220658,0.365
79000,0,-1.50964,-53.5915,0.241485,0.367769
80000,0,-2.45519,-53.1367,1.14937,0.388
81000,0,-2.0071,-54.5663,0.427507,0.372
82000,0,-1.59722,-53.7176,0.242399,0.361857
83000,0,-2.08464,-54.1135,0.825232,0.338
84000,0,-2.27408,-53.6891,0.876522,0.377
85000,0,-1.54219,-54.4727,0.184631,0.363
86000,1,-8.57251,-56.9957,3.03739,0.3815
87000,0,-1.50169,-53.9021,0.0406326,0.459
88000,1,-5.04356,-53.802,2.25492,0.391667
89000,1,-7.63512,-54.2919,1.79498,0.351
90000,0,-3.01936,-57.4031,1.7611,0.362
91000,0,-1.46204,-53.8016,0.0413408,0.394077
92000,0,-1.48835,-53.4847,0.111793,0.375
93000,0,-1.4801,-54.2668,0.110336,0.315
94000,1,-4.755,-54.1832,1.73372,0.383143
95000,0,-1.57392,-53.7001,0.373153,0.425
96000,0,-2.41018,-55.7584,0.611599,0.3694
97000,0,-2.24921,-53.9154,0.839414,0.3605
98000,0,-1.42514,-53.5717,0.0358552,0.35
99000,0,-1.57296,-53.042,0.283824,0.328
100000,0,-1.95789,-53.1239,0.651022,0.368526
101000,0,-1.44458,-53.0478,0.175951,0.357
102000,1,-5.41435,-53.9251,1.84217,0.383667
103000,0,-2.12562,-53.9644,0.723417,0.43
104000,1,-5.73738,-53.5739,1.00807,0.42
105000,0,-1.88053,-53.7147,0.453358,0.405
106000,0,-1.95917,-53.5818,0.564996,0.3731
107000,0,-3.26599,-58.7066,1.0552,0.396429
108000,0,-1.23772,-53.8021,0.00413711,0.354
109000,0,-1.87363,-54.5734,0.300053,0.357
110000,0,-2.51035,-58.5612,0.350877,0.324
111000,0,-2.55568,-56.2767,0.675706,0.351429
112000,1,-6.22418,-54.5826,1.10412,0.3578
113000,0,-1.70938,-54.2133,0.21311,0.548
114000,0,-1.3536,-53.6442,0.0778061,0.391
115000,1,-3.87288,-53.7059,0.186781,0.360571
116000,0,-1.78061,-53.194,0.455132,0.371
117000,0,-1.55489,-53.435,0.196898,0.380167
118000,0,-1.98386,-53.6613,0.601036,0.4145
119000,0,-2.40646,-53.0412,1.1137,0.405
120000,0,-2.98382,-54.0456,1.54863,0.392
121000,1,-2.61599,-53.7702,0.285794,0.348
122000,0,-2.05918,-53.2506,0.772649,0.338
123000,0,-1.7762,-54.0895,0.340841,0.382286
124000,0,-1.6248,-54.1646,0.160798,0.3795
125000,0,-2.73303,-54.6832,1.27661,0.408
126000,0,-1.72462,-55.3556,0.569018,0.341
127000,0,-1.343,-53.1782,0.0258675,0.353
128000,0,-1.52666,-53.96,0.109189,0.373
129000,0,-1.72746,-54.6504,0.225668,0.364
130000,0,-2.18111,-56.8139,0.197605,0.341
131000,0,-1.97073,-53.3945,0.605142,0.425
132000,0,-1.25582,-53.5727,0.00495757,0.358
133000,1,-7.52202,-53.9683,2.80413,0.418
134000,0,-1.40504,-53.4352,0.100206,0.37875
135000,1,-4.49352,-54.2862,1.38335,0.387
136000,0,-2.68892,-55.4933,0.970258,0.441
137000,0,-1.44518,-54.2589,0.0193616,0.382
138000,0,-1.67352,-53.1556,0.356265,0.3696
139000,0,-1.88214,-53.7164,0.503874,0.367952
140000,0,-1.19978,-56.6996,0.0642315,0.3475
141000,0,-1.79854,-54.1264,0.334528,0.346667
142000,0,-1.50122,-54.4965,0.120865,0.388
143000,2,-7.55402,-54.9483,2.77553,0.368833
144000,2,-6.00654,-57.1855,1.61063,0.466
145000,0,-1.69201,-54.0847,0.497387,0.388
146000,0,-1.68196,-54.2743,0.149781,0.387
147000,0,-1.41744,-55.0616,0.208435,0.393
148000,0,-2.46217,-53.3998,1.09956,0.345
149000,0,-1.90979,-54.2556,0.492236,0.336
150000,0,-1.40477,-53.3654,0.0451971,0.357
151000,0,-1.41975,-53.7866,0.031943,0.454
152000,0,-1.9715,-55.1531,0.295226,0.3838
153000,0,-1.26739,-53.6322,0.0220682,0.348
154000,0,-3.15407,-54.303,1.68124,0.403385
155000,0,-2.46246,-58.155,0.747088,0.351
156000,1,-7.88437,-54.652,0.588619,0.362667
157000,0,-2.22666,-53.664,0.828844,0.4015
158000,0,-1.42535,-53.9549,0.111568,0.380937
159000,0,-1.97165,-53.0696,0.67165,0.405
160000,4,-16.4318,-55.7403,4.4745,0.437
161000,1,-5.11598,-53.8071,1.2768,0.534
162000,0,-1.80146,-53.5024,0.4743,0.403182
163000,1,-5.43089,-54.6931,1.7743,0.382
164000,0,-2.09552,-56.537,0.306098,0.369
165000,0,-1.59276,-53.8128,0.174097,0.393
166000,1,-5.53427,-56.8981,1.66367,0.4153
167000,0,-1.70162,-53.2118,0.385387,0.399667
168000,1,-3.19202,-53.2617,0.138622,0.406
169000,1,-3.5546,-53.2762,0.501861,0.352
170000,0,-2.41199,-53.2338,1.1203,0.386333
171000,1,-3.30046,-54.018,0.639658,0.395929
172000,0,-2.04838,-54.0086,0.568562,0.381714
173000,0,-1.61017,-53.5885,0.24801,0.38325
174000,0,-1.32845,-53.3595,0.0153659,0.361
175000,1,-2.97661,-52.9141,0.568022,0.379
176000,0,-1.8965,-53.4105,0.53806,0.386
177000,0,-2.44162,-55.6299,0.677535,0.348
178000,0,-2.09326,-54.4592,0.570956,0.324
179000,0,-1.57634,-53.1337,0.262936,0.411
180000,0,-2.01779,-53.5016,0.668337,0.359
181000,0,-2.7072,-53.4261,1.34596,0.456
182000,0,-2.01202,-55.8861,0.271977,0.3652
183000,0,-1.82853,-55.5778,0.659517,0.335
184000,0,-2.34419,-54.7993,0.795333,0.377
185000,0,-1.44681,-53.1581,0.161293,0.3965
186000,1,-4.99329,-54.8544,1.81932,0.394
187000,1,-3.87665,-53.8191,0.878867,0.392167
188000,0,-1.86906,-54.2757,0.641651,0.35
189000,0,-2.36123,-55.491,0.886142,0.388333
190000,1,-7.1575,-55.7496,0.996245,0.373
191000,0,-3.03566,-53.5923,1.63154,0.347
192000,1,-5.15863,-55.3981,0.381433,0.385
193000,0,-1.93931,-54.3326,0.544209,0.463
194000,0,-2.2171,-53.3653,0.901244,0.408
195000,0,-2.85952,-56.249,1.00534,0.38824
196000,0,-1.29668,-53.5872,0.0163935,0.36
197000,0,-3.29055,-57.2736,1.32483,0.36
198000,0,-2.11182,-53.4927,0.727184,0.362
199000,0,-1.8896,-55.0763,0.214424,0.42
200000,0,-3.0235,-54.8096,1.47048,0.392875
201000,0,-1.54545,-53.905,0.0818724,0.361143
202000,0,-1.46727,-56.0606,0.0911134,0.357667
203000,0,-2.56079,-54.2146,1.05062,0.358333
204000,0,-1.56548,-53.2922,0.288131,0.353
205000,0,-2.00441,-57.8134,0.172696,0.387333
206000,0,-2.30315,-54.7007,0.941152,0.361
207000,1,-3.6033,-53.5983,0.513828,0.35
208000,1,-4.43651,-55.6421,0.773869,0.38875
209000,0,-1.53325,-53.4722,0.154073,0.398
210000,0,-1.72208,-53.943,0.269776,0.39
211000,0,-1.91687,-53.6448,0.544968,0.296
212000,0,-1.8364,-53.9075,0.455951,0.369
213000,0,-2.00069,-54.8082,0.370971,0.373833
214000,1,-4.70351,-53.9383,1.37471,0.339
215000,0,-2.34277,-53.6932,1.05498,0.418
216000,0,-1.4675,-53.6329,0.0890359,0.370261
217000,0,-1.73831,-53.2641,0.435409,0.42
218000,1,-6.06054,-56.5103,1.31203,0.348
219000,0,-2.02682,-56.8924,0.285487,0.399
220000,0,-1.69915,-54.1234,0.435145,0.4285
221000,0,-1.34911,-53.5041,0.106819,0.3355
222000,0,-2.36493,-53.6601,0.950054,0.377067
223000,0,-3.73317,-56.1795,1.883,0.35
224000,0,-2.52314,-53.6606,1.11885,0.348333
225000,0,-1.58723,-55.59,0.230737,0.36
226000,0,-1.42865,-57.1771,0.0228078,0.308
227000,0,-1.84869,-55.2175,0.209969,0.362917
228000,1,-5.11365,-54.0462,0.657677,0.389
229000,0,-1.88317,-55.1374,0.352357,0.3544
230000,0,-1.51726,-53.1902,0.252479,0.39
231000,0,-1.55261,-53.6323,0.310253,0.36
232000,0,-2.69586,-56.6808,0.873215,0.463
233000,0,-2.29102,-55.1657,0.731852,0.3686
234000,0,-3.07494,-53.0435,1.77956,0.38825
235000,0,-1.34995,-53.2677,0.0105992,0.366333
236000,1,-4.10357,-53.0892,1.52845,0.3705
237000,0,-1.44403,-53.3026,0.096298,0.371
238000,0,-2.005,-55.8641,0.200813,0.3675
239000,0,-1.84727,-55.4049,0.11483,0.34
240000,0,-1.39486,-53.8462,0.0234507,0.3672
241000,0,-2.8642,-53.2923,1.51997,0.37
242000,0,-2.4855,-53.8796,1.04321,0.3445
243000,0,-1.50301,-53.9973,0.0226416,0.357
244000,1,-4.93319,-55.6781,1.25631,0.4135
245000,0,-1.62162,-54.0688,0.247611,0.4065
246000,0,-1.65241,-55.8378,0.301122,0.353
247000,0,-2.63192,-54.5516,1.22613,0.351
248000,0,-1.44767,-53.2998,0.131844,0.39
249000,0,-2.2074,-53.123,0.917085,0.389375
250000,1,-3.0201,-53.2449,0.442686,0.352
251000,0,-1.94128,-54.9308,0.622319,0.417
252000,0,-1.71378,-53.2112,0.388704,0.391923
253000,0,-2.92592,-53.8159,1.48166,0.323
254000,0,-1.71255,-53.9857,0.374233,0.383333
255000,0,-2.22782,-53.3379,0.910455,0.332
256000,0,-2.71399,-54.0573,1.22404,0.3772
257000,0,-2.12766,-53.8063,0.911884,0.381769
258000,0,-1.91215,-54.5443,0.364984,0.364
259000,2,-10.5035,-58.5457,1.79001,0.388
260000,1,-5.13853,-54.0419,0.743163,0.3826
261000,0,-2.48291,-53.2813,1.14201,0.3922
262000,0,-1.92607,-53.9338,0.495408,0.3655
263000,0,-2.1984,-55.059,0.529081,0.369
264000,0,-2.46159,-57.4756,0.622169,0.337667
265000,0,-1.44483,-53.3994,0.0791962,0.316
266000,0,-2.78178,-55.3223,1.17035,0.335
267000,2,-10.703,-59.438,2.36536,0.363875
268000,0,-1.53769,-53.8019,0.155409,0.393
269000,0,-2.47103,-53.1804,1.18037,0.35725
270000,0,-1.67183,-53.1738,0.394412,0.307
271000,0,-2.02221,-53.7612,0.585505,0.332
272000,0,-2.66135,-58.7509,0.341516,0.361
273000,0,-2.0756,-53.5731,0.680329,0.347714
274000,0,-2.37793,-55.3693,0.689228,0.432
275000,0,-1.63343,-55.2581,0.0268747,0.366182
276000,0,-1.67568,-54.551,0.103269,0.327
277000,0,-1.49551,-53.1331,0.237999,0.356
278000,0,-1.32006,-54.4685,0.106392,0.3501
279000,0,-2.00865,-53.1632,0.68849,0.367
280000,0,-1.47745,-53.8418,0.0847896,0.343
281000,1,-4.20457,-52.7088,1.53807,0.473
282000,0,-1.66472,-53.384,0.301434,0.412
283000,0,-1.68753,-55.0772,0.0127441,0.378222
284000,1,-4.39896,-53.3763,0.702327,0.454
285000,0,-1.62334,-53.3395,0.351676,0.449
286000,0,-1.85041,-54.6151,0.407609,0.388286
287000,0,-2.82814,-53.2685,1.48883,0.381
288000,0,-1.36173,-54.0952,0.0220671,0.334
289000,0,-3.10928,-53.4242,1.77568,0.3465
290000,0,-1.95327,-53.463,0.581063,0.37
291000,0,-1.41139,-53.4629,0.0319935,0.336
292000,0,-2.22027,-56.4666,0.412737,0.332
293000,0,-1.5703,-53.5568,0.176499,0.398
294000,0,-2.43146,-53.2824,1.1841,0.3555
295000,1,-5.70714,-60.839,1.86381,0.364
296000,2,-6.40053,-57.3217,1.04479,0.369857
297000,0,-1.71426,-55.1863,0.0509522,0.576
298000,1,-4.19442,-52.9372,1.29533,0.391
299000,0,-1.41144,-53.2836,0.0672006,0.387556
300000,0,-1.44482,-53.7646,0.0128585,0.371
301000,0,-1.63697,-54.6853,0.120582,0.362
302000,0,-1.40919,-54.5008,0.122035,0.361
303000,1,-4.64251,-56.3578,0.516405,0.390375
304000,0,-2.1271,-54.413,0.653947,0.367429
305000,0,-2.25037,-54.7228,0.816999,0.415
306000,0,-1.39538,-53.8332,0.0355643,0.398
307000,0,-1.99289,-55.2953,0.772224,0.3868
308000,0,-1.37664,-54.6871,0.0988867,0.4198
309000,0,-1.44194,-54.8403,0.118386,0.391
310000,0,-2.22638,-56.5835,0.397022,0.397
311000,1,-4.92193,-53.381,2.21295,0.365
312000,0,-1.55038,-56.594,0.0315948,0.416
313000,0,-1.98354,-55.2854,0.321082,0.341
314000,1,-5.67516,-55.9706,1.2467,0.3838
315000,0,-2.09105,-56.6575,0.138039,0.365
316000,0,-1.67893,-54.9099,0.19664,0.411667
317000,2,-5.93274,-55.1335,1.09248,0.388
318000,0,-1.31696,-53.3388,0.054838,0.462
319000,0,-1.37495,-54.2889,0.0949786,0.3965
320000,0,-1.85635,-56.1273,0.424125,0.396833
321000,0,-2.25666,-53.4504,0.90071,0.341
322000,0,-2.00611,-54.6774,0.506242,0.378733
323000,0,-2.02261,-53.8179,0.580265,0.31975
324000,0,-1.55818,-54.2209,0.245842,0.362
325000,1,-4.24691,-53.0797,0.872674,0.374333
326000,0,-2.01538,-53.6295,0.650778,0.376
327000,1,-5.19318,-56.2821,1.39991,0.392
328000,1,-4.37872,-56.3853,0.624785,0.3992
329000,0,-2.21111,-55.0009,0.623463,0.395
330000,0,-2.20036,-55.5787,0.566852,0.36
331000,1,-4.72921,-60.1176,1.39982,0.363154
332000,0,-2.29753,-54.0862,0.80263,0.435
333000,0,-1.41152,-53.642,0.0145195,0.373
334000,0,-1.52612,-53.4925,0.149326,0.318
335000,0,-2.04072,-53.4365,0.683998,0.3822
336000,0,-1.34556,-53.5807,0.0612051,0.357
337000,0,-1.25189,-55.2507,0.073687,0.362
338000,0,-2.24922,-54.2266,0.726439,0.368636
339000,0,-1.76837,-54.1744,0.342608,0.377
340000,0,-1.513,-54.5098,0.00377752,0.371
341000,0,-1.53244,-53.8604,0.0890545,0.353
342000,0,-1.53883,-53.9428,0.280986,0.333
343000,0,-1.69516,-55.3847,0.128444,0.372353
344000,0,-2.64264,-54.5099,1.1723,0.367
345000,0,-3.43443,-54.346,2.0733,0.367125
346000,0,-1.53917,-53.6081,0.171317,0.37125
347000,0,-1.32579,-53.0787,0.061705,0.352333
348000,0,-1.66213,-54.3821,0.14518,0.3695
349000,0,-2.07194,-54.5723,0.484782,0.347
350000,0,-1.54967,-53.3396,0.216364,0.36
351000,0,-1.5166,-53.1818,0.195379,0.355
352000,0,-1.41833,-55.4283,0.00575394,0.51
353000,0,-1.94463,-53.4352,0.6586,0.331
354000,0,-1.67025,-54.0023,0.189457,0.358
355000,1,-5.22174,-54.5493,1.22119,0.339
356000,0,-2.73978,-58.0517,0.57626,0.35
357000,2,-11.7125,-56.7437,1.57303,0.426
358000,0,-1.48136,-53.387,0.126025,0.413
359000,1,-3.90007,-53.8506,0.762357,0.378417
360000,0,-2.13396,-54.1466,0.641131,0.34
361000,0,-1.72748,-55.5554,0.0555879,0.357
362000,1,-5.18411,-53.3647,1.10753,0.373222
363000,0,-1.69211,-53.1515,0.448006,0.437
364000,0,-1.77241,-54.1739,0.582663,0.32
365000,0,-2.07305,-53.2152,0.745059,0.359
366000,0,-1.92011,-53.7747,0.537925,0.423
367000,1,-4.86372,-53.8083,2.03031,0.397333
368000,0,-2.45316,-57.4977,1.25983,0.3903
369000,0,-1.48053,-53.3401,0.147427,0.383
370000,0,-1.85324,-54.181,0.598807,0.316
371000,1,-3.78133,-52.6689,0.379422,0.406
372000,1,-5.22278,-55.7496,0.580886,0.377889
373000,0,-1.58117,-56.2754,0.0283097,0.4
374000,1,-5.01735,-54.8817,1.22211,0.374
375000,0,-1.96495,-53.5325,0.577482,0.367571
376000,0,-1.67338,-53.0542,0.394077,0.3795
377000,0,-1.44153,-54.5936,0.0836233,0.3865
378000,0,-2.7082,-53.6518,1.43268,0.370143
379000,0,-1.88201,-56.1082,0.0274842,0.3375
380000,0,-1.41616,-53.512,0.0275363,0.439
381000,0,-1.55293,-54.5672,0.00126057,0.373286
382000,1,-4.40634,-54.2457,0.58942,0.379
383000,0,-1.60415,-53.5075,0.216307,0.466
384000,1,-3.38306,-52.9963,0.371537,0.410333
385000,0,-1.66496,-53.2582,0.331414,0.412
386000,0,-1.61156,-54.499,0.0379287,0.381333
387000,0,-2.73883,-54.5924,1.20921,0.344
388000,0,-1.83329,-55.5383,0.10772,0.318
389000,0,-1.54028,-53.1165,0.233151,0.385077
390000,0,-1.63146,-53.5113,0.265293,0.402
391000,1,-4.17621,-54.6832,0.229649,0.386833
392000,1,-3.4857,-54.67,0.299127,0.353
393000,0,-1.76149,-54.1135,0.258701,0.3782
394000,0,-1.75803,-53.7514,0.347425,0.38525
395000,1,-4.947,-53.6435,2.19089,0.384
396000,0,-1.37499,-53.213,0.0622025,0.398
397000,0,-2.29925,-54.8255,0.85462,0.38
398000,0,-1.66339,-54.6487,0.175707,0.46
399000,0,-1.80842,-53.9088,0.42335,0.344
400000,1,-4.55531,-53.3048,0.383194,0.38
401000,0,-2.12703,-54.2906,0.69089,0.378333
402000,0,-1.91598,-53.3074,0.584055,0.385643
403000,0,-2.83016,-53.5699,1.45526,0.391667
404000,1,-3.59317,-53.6394,0.947111,0.382182
405000,0,-1.95148,-57.3926,0.1751,0.333
406000,0,-2.24754,-53.8629,0.868827,0.37825
407000,1,-9.16078,-56.894,0.201824,0.380667
408000,0,-3.69009,-53.2428,2.4093,0.377
409000,1,-4.39096,-53.8533,1.29444,0.38825
410000,0,-2.1267,-53.452,0.903073,0.3695
411000,0,-1.63316,-54.3418,0.119979,0.429
412000,1,-3.16972,-54.6707,0.201901,0.344
413000,0,-2.96616,-56.5578,1.39464,0.407
414000,0,-2.22648,-54.2638,0.720921,0.328
415000,0,-1.8707,-53.7134,0.475321,0.387
416000,0,-2.47812,-54.1526,1.17132,0.3895
417000,0,-2.30725,-53.6018,0.946365,0.393875
418000,1,-5.87279,-55.5633,2.20922,0.463
419000,0,-1.56756,-54.4987,0.227466,0.346
420000,0,-1.72098,-58.4556,0.0932908,0.378368
421000,1,-4.25501,-57.7493,0.0565834,0.386667
422000,0,-1.4378,-53.1599,0.118626,0.4075
423000,0,-2.32999,-53.1332,1.06175,0.390429
424000,0,-2.20346,-54.981,0.623738,0.359
425000,0,-1.82207,-55.5426,0.0776358,0.358667
426000,0,-2.21199,-53.6668,0.851317,0.388
427000,1,-5.29279,-56.9174,0.560678,0.339
428000,0,-3.72854,-60.9208,1.81013,0.409
429000,1,-3.91456,-52.5652,1.52713,0.3677
430000,0,-1.86602,-55.6283,0.28388,0.377
431000,0,-1.98169,-53.7134,0.571725,0.425
432000,0,-1.6855,-53.8814,0.226716,0.372
433000,0,-2.088,-54.3453,0.550861,0.372
434000,0,-2.39403,-54.7233,1.1471,0.36
435000,0,-2.49858,-53.7345,1.09762,0.381571
436000,0,-3.04692,-53.7914,1.6086,0.39425
437000,0,-1.99452,-53.1144,0.684725,0.395688
438000,0,-2.59732,-54.3611,1.0488,0.343
439000,0,-2.42733,-53.4144,1.05907,0.3954
440000,0,-2.25078,-55.8554,0.493105,0.358
441000,0,-1.98045,-56.2877,0.0893193,0.3615
442000,0,-1.39926,-53.2037,0.0888484,0.410286
443000,0,-1.50568,-54.5009,0.0565751,0.454333
444000,1,-5.1773,-55.4526,0.305603,0.44
445000,0,-1.70819,-55.0127,0.243242,0.418667
446000,0,-2.24484,-54.1637,0.821389,0.4114
447000,0,-1.92747,-54.2107,0.418718,0.447
448000,0,-1.4685,-53.9364,0.0595044,0.335
449000,0,-1.51407,-53.8465,0.0699715,0.377
450000,0,-1.28042,-53.5825,0.0239057,0.378714
451000,0,-2.0526,-54.9168,0.417999,0.348
452000,1,-3.06386,-53.6578,0.364023,0.34
453000,0,-1.50422,-53.1632,0.214992,0.361375
454000,1,-4.74209,-55.2662,0.945555,0.376667
455000,0,-2.18004,-54.8612,0.540845,0.3945
456000,0,-1.39557,-53.661,0.0074992,0.389
457000,0,-1.56901,-55.9255,0.0474507,0.391
458000,0,-1.97472,-56.3014,0.131629,0.357
459000,1,-3.80174,-53.48,0.821306,0.319
460000,1,-3.74105,-56.0488,1.01797,0.375625
461000,0,-1.99354,-53.0881,0.68966,0.406
462000,0,-1.77697,-54.791,0.261354,0.336
463000,0,-2.23484,-53.3185,0.910659,0.353
464000,0,-2.16933,-55.0563,0.508156,0.343
465000,0,-2.38022,-57.3022,0.35686,0.3723
466000,0,-1.6867,-55.2539,0.0211128,0.33
467000,0,-1.81582,-53.1623,0.509505,0.359
468000,0,-1.83619,-54.6232,0.378395,0.3579
469000,0,-2.19028,-53.3376,0.835385,0.346
470000,1,-7.30481,-55.0924,1.05554,0.456
471000,0,-1.61833,-53.2196,0.327666,0.3628
472000,0,-2.44086,-56.6421,1.17243,0.31
473000,0,-1.71377,-54.1214,0.230167,0.344
474000,0,-2.10849,-54.5388,0.639304,0.318
475000,1,-4.16299,-55.3285,0.932596,0.349143
476000,2,-5.93146,-55.2681,0.821681,0.371
477000,1,-4.46159,-54.0884,0.808475,0.501
478000,0,-2.95808,-54.4846,1.4643,0.4
479000,0,-1.57363,-54.5548,0.0170582,0.369
480000,0,-1.87864,-55.6248,0.221843,0.402667
481000,1,-5.35065,-54.3406,0.826869,0.378444
482000,0,-2.42421,-57.9415,0.268456,0.3995
483000,0,-2.8598,-55.106,1.41455,0.387
484000,0,-1.59541,-54.2305,0.0724872,0.352
485000,1,-5.08997,-54.0591,1.38632,0.365462
486000,0,-1.5939,-55.9593,0.185296,0.447
487000,0,-1.63926,-54.2588,0.113432,0.374375
488000,1,-3.59844,-53.4879,0.505021,0.383
489000,0,-2.2739,-54.9772,0.818551,0.3886
490000,0,-1.74241,-54.6996,0.258074,0.36
491000,0,-2.0352,-54.9035,0.498743,0.432
492000,0,-1.60996,-55.0101,0.132243,0.352
493000,0,-1.48901,-53.3259,0.140324,0.3782
494000,0,-1.94746,-54.7866,0.346514,0.454
495000,0,-1.64235,-54.6849,0.169563,0.379
496000,0,-1.70606,-54.4048,0.152756,0.384125
497000,0,-1.73291,-53.4299,0.360048,0.356667
498000,2,-11.3874,-54.9314,1.71045,0.38125
499000,0,-1.75875,-53.1751,0.458693,0.365
500000,0,-1.83306,-55.6576,0.0521079,0.3942
501000,0,-1.39847,-53.8827,0.0822011,0.354
502000,0,-1.37154,-53.58,0.0173752,0.37
503000,0,-1.67202,-54.6458,0.0806479,0.408833
504000,0,-2.17311,-54.0067,0.704923,0.322
505000,0,-1.66063,-53.8296,0.276135,0.363
506000,1,-6.49515,-54.9553,2.67229,0.363
507000,0,-1.38178,-53.5538,0.0473446,0.3315
508000,0,-2.26397,-54.0753,0.768232,0.3805
509000,0,-1.63667,-54.8418,0.155136,0.313
510000,0,-1.32999,-53.4487,0.0252016,0.449
511000,0,-1.76104,-53.4723,0.38111,0.375077
512000,0,-1.76415,-53.0318,0.500593,0.3674
513000,0,-2.43103,-53.8186,0.987102,0.362667
514000,0,-1.29323,-53.9965,0.00131685,0.361
515000,0,-3.14979,-54.9634,1.55251,0.422
516000,0,-2.15147,-53.3842,0.812089,0.462
517000,0,-1.45036,-53.4821,0.137128,0.361
518000,1,-2.55149,-53.0495,0.14809,0.43
519000,0,-2.71672,-53.4319,1.34802,0.405375
520000,0,-2.24231,-54.0032,0.786211,0.352
521000,0,-2.75121,-56.9997,0.754663,0.34075
522000,0,-2.46954,-54.2036,0.977722,0.338667
523000,1,-4.48815,-54.8279,0.95173,0.36
524000,0,-1.73104,-55.7899,0.0915627,0.367
525000,1,-4.07283,-55.0022,0.453763,0.3624
526000,0,-2.1554,-53.194,0.89784,0.343
527000,0,-1.66788,-53.5354,0.296424,0.37304
528000,0,-1.82495,-54.3518,0.34233,0.421
529000,0,-1.9355,-54.3167,0.405247,0.372
530000,0,-2.22244,-53.9206,0.785315,0.36325
531000,0,-1.75032,-53.1465,0.444409,0.366
532000,0,-1.92287,-53.9556,0.45025,0.370444
533000,4,-13.9316,-56.904,2.22899,0.487
534000,0,-1.48559,-53.8665,0.0942744,0.4146
535000,2,-7.21374,-53.6077,2.04132,0.398
536000,0,-1.57264,-53.5248,0.181924,0.40675
537000,0,-1.57365,-54.1403,0.0957467,0.345
538000,0,-2.5903,-57.1624,0.884953,0.364333
539000,0,-1.95839,-55.9917,0.13126,0.373
540000,0,-1.39201,-53.4077,0.0248485,0.396
541000,0,-1.27247,-53.0896,0.00748225,0.505
542000,2,-5.21012,-54.0731,1.19799,0.412
543000,0,-1.40452,-55.1311,0.112488,0.4208
544000,0,-1.82445,-54.9067,0.320501,0.361
545000,0,-1.75697,-54.653,0.343692,0.43
546000,0,-3.04469,-53.2758,1.70416,0.410667
547000,0,-1.66633,-53.0626,0.367189,0.352
548000,0,-2.82181,-53.3513,1.48624,0.41
549000,0,-1.61362,-54.7432,0.0173799,0.406
550000,0,-2.06414,-54.1503,0.592403,0.318
551000,0,-1.86613,-56.0658,0.180232,0.312
552000,0,-1.96878,-54.947,0.315302,0.537
553000,0,-1.79061,-54.9066,0.144476,0.385
554000,1,-3.26431,-54.2041,0.56473,0.423
555000,1,-3.82194,-57.0429,1.09117,0.390143
556000,0,-2.10783,-53.4869,0.760344,0.403
557000,0,-2.18301,-54.6103,0.684239,0.348
558000,0,-1.82981,-55.5156,0.125795,0.347
559000,2,-6.58543,-54.4245,0.925903,0.388
560000,0,-1.63603,-55.1805,0.0599819,0.394
561000,0,-1.47232,-53.5695,0.254499,0.362
562000,0,-1.58169,-53.7018,0.259024,0.347
563000,0,-1.29931,-54.5037,0.0817706,0.4
564000,0,-1.86195,-53.1941,0.558097,0.347
565000,0,-3.00608,-54.243,1.51795,0.38081
566000,0,-1.50881,-54.0754,0.0665399,0.34
567000,0,-1.4884,-53.4922,0.107361,0.382
568000,0,-2.32886,-53.6244,0.936751,0.368
569000,1,-4.01071,-55.6139,0.49304,0.385
570000,0,-1.9532,-55.0966,0.362741,0.369
571000,0,-2.0112,-55.5164,0.362489,0.377
572000,2,-7.02519,-53.3273,0.810695,0.4118
573000,0,-1.65849,-53.4539,0.317179,0.387789
574000,0,-2.0479,-55.072,0.372112,0.35
575000,1,-4.0296,-56.3674,0.805625,0.429
576000,0,-1.32523,-53.2112,0.0273815,0.391429
577000,0,-1.53644,-54.2439,0.20001,0.347
578000,1,-4.06397,-56.0487,1.28422,0.370333
579000,0,-2.32112,-53.3365,0.998876,0.393
580000,0,-1.62122,-56.0815,0.291301,0.414
581000,0,-1.64972,-53.9259,0.27107,0.364
582000,0,-1.93782,-53.1021,0.637376,0.364
583000,1,-5.33938,-54.4737,0.846786,0.33
584000,0,-1.36634,-53.4032,0.0038741,0.397333
585000,0,-2.60722,-56.0441,0.758615,0.53
586000,1,-6.60883,-55.6847,0.777118,0.518
587000,1,-4.67953,-55.458,0.484061,0.412
588000,0,-1.8583,-53.1864,0.536601,0.396
589000,0,-1.45784,-53.743,0.0520111,0.393667
590000,1,-3.57713,-54.4251,0.358793,0.42
591000,0,-1.83729,-54.9188,0.191515,0.4152
592000,2,-9.87001,-54.8704,3.29996,0.442556
593000,2,-8.01968,-54.278,4.11387,0.442
594000,1,-3.82576,-53.0102,0.74597,0.418
595000,0,-1.89568,-53.5498,0.574252,0.387667
596000,0,-1.64881,-53.4879,0.267754,0.415
597000,0,-1.7403,-53.8796,0.286643,0.395
598000,0,-1.52637,-53.3161,0.197139,0.394667
599000,0,-2.21739,-53.9756,0.821354,0.395125
600000,0,-1.73761,-54.9775,0.0973942,0.389
601000,0,-2.41014,-54.1197,0.972217,0.331
602000,0,-2.2931,-54.6151,1.05343,0.3916
603000,0,-1.39693,-53.1638,0.124187,0.39
604000,0,-2.24757,-57.7626,0.250783,0.351667
605000,2,-6.2555,-53.8963,1.3236,0.45
606000,0,-3.33369,-55.2204,1.82548,0.387667
607000,0,-1.75535,-55.1463,0.0746077,0.525
608000,0,-1.65598,-54.2779,0.122907,0.365
609000,0,-1.35908,-53.3125,0.0119575,0.384
610000,0,-1.68928,-53.7438,0.438345,0.382
611000,0,-2.22866,-55.1243,0.768918,0.35
612000,1,-3.85586,-55.6742,0.774956,0.354
613000,1,-4.1399,-57.2806,1.20092,0.392533
614000,0,-1.81991,-55.8082,0.102542,0.4355
615000,0,-1.50799,-53.5571,0.126319,0.366
616000,0,-2.25127,-56.7231,0.283493,0.402077
617000,0,-2.3475,-56.3293,0.4974,0.36725
618000,0,-2.07007,-54.0847,0.618235,0.325
619000,1,-4.69343,-59.2267,0.459407,0.353
620000,0,-1.41403,-53.8614,0.121608,0.392267
621000,0,-2.15558,-54.3524,0.688898,0.3515
622000,0,-1.58078,-53.5766,0.180203,0.369286
623000,0,-2.58951,-54.359,1.04129,0.463
624000,1,-2.60209,-54.3525,0.136711,0.3775
625000,0,-3.16966,-53.4818,1.78661,0.378
626000,1,-4.07498,-55.608,0.917824,0.412333
627000,0,-1.71715,-55.1647,0.0239694,0.393
628000,0,-1.88943,-53.4193,0.564229,0.352
629000,0,-1.69851,-54.0745,0.25408,0.353
630000,0,-1.33539,-53.7747,0.133372,0.3998
631000,0,-2.12016,-58.9748,0.201874,0.327
632000,0,-1.98486,-53.6037,0.603809,0.363
633000,0,-1.84872,-54.4984,0.33686,0.371
634000,0,-1.97572,-54.4339,0.606412,0.403588
635000,0,-1.46595,-53.0769,0.163281,0.393
636000,0,-1.76327,-53.981,0.338688,0.399
637000,1,-3.05281,-53.8822,0.511217,0.427375
638000,0,-2.20979,-58.1349,0.733821,0.411
639000,0,-2.33664,-53.5465,0.982943,0.299
640000,0,-4.18133,-56.7317,2.85791,0.3895
641000,0,-2.02472,-54.7472,0.407594,0.334
642000,0,-1.7151,-53.6059,0.323598,0.373
643000,0,-2.15755,-55.4144,0.892816,0.335667
644000,1,-4.77788,-54.7763,1.24216,0.403
645000,1,-3.30158,-52.7358,0.865727,0.41
646000,1,-3.0082,-53.5726,0.319724,0.40916
647000,0,-1.47968,-53.8065,0.0586742,0.381
648000,1,-4.18165,-58.4224,0.65346,0.374667
649000,1,-5.48377,-53.2278,2.91261,0.457
650000,0,-2.08516,-54.9477,0.437427,0.419
651000,0,-1.40639,-54.0531,0.13163,0.351
652000,0,-1.77011,-53.8546,0.374421,0.378
653000,0,-2.20068,-53.3586,0.848543,0.384333
654000,0,-1.76931,-53.7533,0.334658,0.369444
655000,0,-1.60392,-55.6213,0.0162483,0.343333
656000,0,-2.47534,-56.9138,0.717273,0.36
657000,1,-4.64471,-55.3554,1.70872,0.355
658000,0,-2.26835,-53.7589,0.842371,0.383
659000,0,-2.16595,-54.9855,0.526193,0.326
660000,0,-1.82671,-54.1334,0.320319,0.394
661000,0,-1.37813,-53.7631,0.000441354,0.327
662000,0,-1.98758,-53.5927,0.597816,0.364
663000,1,-4.69501,-53.5419,0.791213,0.385
664000,0,-1.4022,-54.5917,0.014252,0.465
665000,0,-1.58507,-53.5603,0.284533,0.383727
666000,0,-2.74195,-54.3039,1.27028,0.419
667000,1,-3.87025,-54.0663,0.698839,0.525
668000,2,-7.33583,-53.4863,1.56828,0.351
669000,1,-4.51065,-54.2301,1.48219,0.489
670000,0,-2.21735,-53.7859,0.798529,0.326
671000,0,-1.36714,-53.1467,0.117324,0.374688
672000,0,-2.77794,-53.871,1.37309,0.369
673000,0,-1.5,-54.4511,0.141361,0.409765
674000,0,-2.32167,-53.2808,0.993754,0.382
675000,1,-5.40506,-54.3334,0.687609,0.441333
676000,0,-2.57535,-56.2303,0.897419,0.395273
677000,0,-2.05164,-53.5894,0.649189,0.37925
678000,0,-2.87289,-57.5173,1.45568,0.321
679000,1,-5.37504,-57.8806,1.73537,0.3782
680000,1,-5.54748,-53.9656,2.34308,0.3355
681000,0,-1.59944,-53.5679,0.202547,0.344667
682000,0,-1.55061,-53.7646,0.124554,0.4
683000,0,-1.99352,-57.8242,0.637128,0.492
684000,0,-1.84162,-54.0447,0.421872,0.381222
685000,0,-2.312,-53.4508,0.985447,0.381
686000,1,-4.0797,-54.5708,0.299324,0.388
687000,0,-2.11944,-55.4369,0.61407,0.415571
688000,0,-1.43056,-53.4917,0.050961,0.472
689000,0,-1.83489,-53.8605,0.3828,0.3766
690000,0,-2.70235,-55.7594,1.00512,0.359286
691000,0,-1.84687,-55.3694,0.606555,0.351
692000,0,-1.62119,-53.449,0.355652,0.371
693000,0,-2.08307,-53.8013,0.714469,0.354
694000,0,-1.4712,-54.6684,0.0378876,0.386
695000,0,-1.73733,-53.5372,0.364857,0.364
696000,0,-2.01609,-56.6916,0.0589552,0.313
697000,1,-3.26009,-53.9724,0.210048,0.376
698000,0,-1.9346,-54.3183,0.419349,0.335
699000,0,-1.76065,-55.2207,0.117131,0.357
700000,0,-2.55471,-54.8825,0.927947,0.362571
701000,1,-4.58354,-53.96,0.728002,0.358
702000,0,-1.38301,-53.2676,0.0689579,0.386
703000,0,-1.72131,-53.5474,0.514118,0.339
704000,0,-1.76014,-53.7921,0.511692,0.3626
705000,0,-1.28303,-53.1979,0.0523426,0.448
706000,0,-1.54145,-53.6312,0.211016,0.405
707000,1,-3.58624,-54.0888,1.05446,0.4245
708000,1,-3.56618,-53.8319,0.362082,0.416
709000,0,-1.53793,-53.7927,0.104055,0.35
710000,0,-1.56972,-53.4175,0.217966,0.359
711000,0,-1.60841,-54.0795,0.34646,0.37613
712000,0,-1.46397,-53.3274,0.113035,0.437
713000,0,-2.50883,-53.9177,1.07599,0.373667
714000,0,-2.5993,-54.8662,1.30789,0.328
715000,0,-1.95666,-58.9277,0.629595,0.393889
716000,0,-2.49943,-55.5285,0.811419,0.395
717000,0,-3.24395,-55.2157,1.54374,0.387667
718000,0,-1.36674,-53.9048,0.173028,0.3375
719000,0,-2.03648,-55.0002,0.436,0.380704
720000,1,-6.44656,-53.7715,2.1315,0.428333
721000,0,-1.41615,-54.8277,0.0738589,0.501333
722000,0,-1.84158,-53.7326,0.410931,0.373
723000,0,-1.49187,-53.5003,0.126226,0.3395
724000,0,-1.3452,-53.1119,0.0575727,0.357
725000,0,-1.68189,-53.4896,0.31766,0.379846
726000,0,-1.35589,-54.1678,0.0388592,0.37025
727000,0,-1.48266,-53.5006,0.114626,0.352
728000,0,-1.76841,-53.7918,0.32855,0.36
729000,0,-2.03448,-55.0686,0.482515,0.361
730000,0,-1.66515,-55.3483,0.0626133,0.336
731000,0,-2.35811,-54.2938,1.15691,0.35
732000,0,-1.82069,-55.2251,0.21394,0.347
733000,0,-1.68307,-54.8147,0.0963423,0.38
734000,0,-1.78303,-54.5624,0.495802,0.327
735000,2,-7.51379,-57.8472,1.40072,0.369467
736000,0,-1.70721,-54.1994,0.377868,0.534
737000,0,-1.33837,-53.0763,0.0374151,0.368
738000,0,-1.27076,-54.9634,0.0265306,0.39975
739000,0,-2.00835,-55.9995,0.315556,0.382
740000,0,-1.76016,-54.1418,0.460165,0.408
741000,0,-2.04086,-54.1309,0.600559,0.3744
742000,0,-1.54327,-54.8563,0.0700562,0.355
743000,0,-1.90929,-55.4819,0.383194,0.342
744000,0,-1.6002,-54.214,0.0902714,0.374143
745000,1,-5.31567,-53.4788,2.34626,0.457
746000,0,-1.46209,-53.3648,0.10527,0.361
747000,0,-1.3662,-53.1969,0.0933223,0.42
748000,0,-1.4604,-54.1841,0.0764431,0.3796
749000,0,-2.10192,-53.5899,0.853277,0.37275
750000,0,-2.62148,-54.811,0.991258,0.344
751000,0,-1.7369,-55.8453,0.534025,0.41
752000,0,-1.43168,-53.0343,0.174195,0.4095
753000,0,-2.03304,-54.995,0.490912,0.4005
754000,0,-1.60682,-53.4696,0.226121,0.420667
755000,0,-4.56119,-55.958,3.33093,0.373
756000,0,-1.38525,-53.0152,0.124204,0.469
757000,0,-1.70529,-53.0968,0.447847,0.346
758000,0,-2.03123,-55.1631,0.661119,0.36
759000,0,-1.79159,-54.4092,0.272473,0.429
760000,0,-1.58084,-54.4398,0.030183,0.385
761000,0,-2.72788,-52.9992,1.46199,0.526
762000,0,-1.52172,-55.8469,0.0433871,0.367
763000,0,-1.8973,-53.6971,0.653137,0.41
764000,0,-1.8234,-55.1701,0.231437,0.3805
765000,0,-1.78749,-53.4376,0.415801,0.409
766000,0,-1.71961,-54.5016,0.149564,0.386917
767000,0,-3.27002,-53.4494,2.02048,0.345
768000,2,-7.44177,-57.5593,2.53579,0.385318
769000,0,-1.50389,-54.7196,0.0284613,0.402
770000,0,-2.1789,-54.6649,0.604154,0.4468
771000,0,-1.33584,-53.4325,0.0554456,0.341
772000,0,-1.54458,-53.6658,0.315123,0.361
773000,0,-1.5948,-54.8858,0.257948,0.345
774000,0,-1.60199,-53.8323,0.17004,0.414286
775000,0,-2.43479,-53.8374,0.99725,0.395
776000,0,-1.81462,-53.6577,0.419136,0.464
777000,1,-3.31062,-55.0472,0.154477,0.404
778000,1,-3.74776,-55.9045,0.975934,0.379889
779000,0,-1.98765,-53.7391,0.572646,0.4005
780000,1,-4.33732,-53.3728,0.769009,0.39925
781000,1,-3.11704,-53.0556,0.472618,0.353
782000,0,-2.05849,-53.7977,0.855582,0.396
783000,0,-1.55213,-53.8311,0.131863,0.406
784000,0,-1.56517,-53.249,0.230454,0.384833
785000,0,-2.61065,-55.4094,0.89511,0.3698
786000,0,-1.79987,-53.5271,0.424304,0.359667
787000,1,-7.48054,-58.3565,1.3935,0.455
788000,2,-11.4012,-56.5995,3.67177,0.39475
789000,0,-3.67283,-54.4439,2.15704,0.466
790000,1,-4.86043,-54.2751,0.869655,0.394
791000,0,-1.28869,-55.0298,0.0635388,0.342
792000,0,-1.40671,-53.565,0.0227074,0.357
793000,1,-4.75577,-53.4805,1.95543,0.416
794000,0,-2.16149,-54.3489,0.66594,0.387706
795000,0,-2.04072,-56.4876,0.198225,0.358
796000,0,-2.1614,-53.6912,0.73805,0.318
797000,2,-5.98054,-54.2511,0.478587,0.443
798000,0,-1.61131,-53.2641,0.271097,0.399091
799000,0,-2.41837,-57.4646,0.482015,0.492
800000,0,-1.60399,-53.815,0.337188,0.356
801000,2,-8.26601,-55.875,1.63405,0.41325
802000,0,-1.36741,-53.3588,0.0683916,0.401
803000,0,-1.49839,-53.976,0.0436964,0.454
804000,0,-1.87862,-53.4841,0.650845,0.379
805000,0,-1.28377,-53.6838,0.00120982,0.399333
806000,0,-1.60803,-53.1708,0.304189,0.405667
807000,0,-1.73157,-55.7136,0.0773233,0.437
808000,0,-1.74655,-53.9834,0.268069,0.371
809000,0,-2.94405,-53.7213,1.5505,0.368
810000,0,-2.24817,-53.9414,0.856029,0.394846
811000,0,-3.27576,-55.4914,1.52409,0.383
812000,2,-11.5428,-55.6741,1.34231,0.401
813000,0,-2.6805,-53.8848,1.27268,0.464
814000,1,-6.84421,-55.4214,1.11944,0.353
815000,0,-2.17759,-54.371,0.763237,0.365375
816000,0,-2.16116,-53.2298,0.876997,0.454
817000,0,-1.61479,-54.3647,0.0667258,0.448333
818000,0,-1.99957,-54.2425,0.815828,0.380643
819000,0,-3.08788,-54.2715,1.60045,0.404667
820000,1,-4.78144,-55.7011,0.98106,0.396364
821000,0,-1.48877,-53.8391,0.151029,0.376
822000,0,-1.54134,-55.1655,0.0189078,0.373
823000,0,-1.42545,-53.4343,0.0597419,0.384
824000,0,-1.50385,-53.8327,0.0604534,0.349
825000,1,-5.21412,-54.5328,1.81457,0.3955
826000,2,-5.73469,-53.9519,1.32138,0.40975
827000,0,-1.60288,-53.8486,0.151427,0.351
828000,0,-1.66022,-53.8464,0.229891,0.379444
829000,0,-2.64144,-53.6829,1.24595,0.3505
830000,1,-6.37589,-54.0368,2.35964,0.399
831000,0,-1.87878,-54.9982,0.415504,0.375429
832000,0,-1.5936,-53.7245,0.173968,0.376
833000,0,-2.06497,-54.4482,0.551546,0.311
834000,0,-1.87397,-54.5231,0.321358,0.374
835000,0,-3.14488,-56.1265,1.32001,0.369429
836000,1,-4.18087,-55.7413,0.530136,0.380909
837000,0,-1.53329,-54.5433,0.079579,0.363286
838000,0,-1.70659,-54.5929,0.128654,0.363
839000,0,-2.20987,-53.9505,0.797993,0.341
840000,1,-5.4079,-56.9377,0.917956,0.3568
841000,0,-1.84875,-53.3188,0.502324,0.3545
842000,0,-3.19169,-53.8789,1.77958,0.333
843000,0,-2.5247,-56.5335,0.630985,0.3604
844000,0,-2.39528,-53.9662,0.929568,0.3735
845000,0,-2.62696,-54.3183,1.13869,0.343
846000,0,-1.71735,-54.1396,0.489557,0.331
847000,0,-1.74452,-54.6077,0.247818,0.386
848000,2,-9.29337,-53.908,2.14489,0.404
849000,0,-1.66129,-53.7583,0.232066,0.506
850000,0,-1.81338,-55.0209,0.147007,0.3834
851000,0,-1.60314,-53.2183,0.339518,0.333
852000,0,-1.9948,-55.7714,0.507559,0.371
853000,0,-1.71649,-54.8564,0.448033,0.378
854000,1,-4.29995,-56.2954,0.428857,0.3645
855000,0,-1.4084,-53.8531,0.168602,0.411
856000,0,-2.05765,-54.954,0.617426,0.371333
857000,2,-7.84557,-54.4288,2.26441,0.376875
858000,2,-7.69334,-56.6263,1.76197,0.388
859000,1,-5.63117,-56.3733,1.42033,0.323
860000,0,-1.46953,-53.1684,0.148438,0.357
861000,0,-1.8275,-55.5112,0.291326,0.380765
862000,0,-1.78352,-55.0728,0.274256,0.326
863000,0,-1.77511,-54.5345,0.290755,0.41
864000,0,-1.54961,-54.2609,0.186066,0.355
865000,0,-2.74683,-53.2879,1.41351,0.3852
866000,0,-1.62037,-55.3109,0.13749,0.3809
867000,0,-1.82985,-55.2086,0.341852,0.393
868000,0,-1.69762,-54.7537,0.284342,0.367667
869000,0,-2.60919,-53.7006,1.23225,0.333
870000,0,-1.54549,-54.0768,0.10219,0.357
871000,0,-2.01354,-55.5838,0.297457,0.383429
872000,0,-2.007,-54.3078,0.616436,0.482
873000,0,-1.89387,-53.8502,0.449278,0.397333
874000,0,-1.95424,-53.9543,0.506299,0.382714
875000,0,-2.8162,-53.4564,1.459,0.332
876000,1,-4.98873,-54.4187,0.65579,0.407
877000,0,-1.46707,-53.6938,0.11166,0.382364
878000,0,-3.15611,-55.5023,1.44716,0.332
879000,0,-1.47551,-53.638,0.232167,0.358333
880000,2,-7.23817,-55.6656,1.16353,0.37
881000,0,-1.69714,-57.5662,0.539149,0.362
882000,0,-1.80369,-54.74,0.219988,0.35475
883000,0,-3.84764,-57.9146,1.71643,0.353571
884000,0,-2.35795,-56.929,0.756829,0.364667
885000,0,-3.06845,-53.2944,1.73671,0.336
886000,0,-1.65998,-54.1186,0.156978,0.339
887000,0,-2.15909,-54.4553,0.597028,0.3665
888000,0,-2.41316,-53.9988,0.948384,0.373167
889000,0,-2.02403,-53.8657,0.568595,0.335
890000,1,-5.74707,-54.0146,2.46962,0.393
891000,1,-3.07893,-53.8213,0.346456,0.366
892000,0,-1.85806,-54.1966,0.377669,0.389
893000,0,-1.55681,-53.8234,0.233107,0.389333
894000,0,-1.98922,-53.5708,0.619553,0.447
895000,1,-3.23165,-53.6417,0.272282,0.383
896000,2,-5.79351,-54.0496,1.29046,0.527
897000,0,-1.78251,-55.4781,0.0340363,0.37
898000,0,-2.39322,-54.3415,0.963902,0.388333
899000,0,-2.00802,-53.6209,0.64936,0.383
900000,0,-1.68316,-54.9723,0.0366011,0.37845
901000,0,-2.25823,-56.9185,0.400633,0.35
902000,0,-1.81821,-53.8067,0.559091,0.4118
903000,1,-3.6334,-53.2255,0.917831,0.493
904000,0,-3.53793,-54.6191,1.95942,0.51
905000,0,-1.94069,-55.535,0.206481,0.39775
906000,0,-2.53032,-53.5189,1.23421,0.404
907000,0,-2.70371,-53.0221,1.41706,0.419667
908000,0,-2.22944,-53.7014,0.825132,0.364
909000,2,-5.90989,-53.8574,0.384149,0.462
910000,0,-2.37721,-53.5256,1.00819,0.51
911000,0,-1.58066,-53.6653,0.206481,0.40025
912000,0,-2.14039,-56.1971,0.265206,0.441
913000,0,-1.93557,-55.1719,0.731006,0.326
914000,0,-2.04666,-54.3586,0.653528,0.36475
915000,0,-2.04387,-53.1677,0.725757,0.375
916000,0,-1.89124,-54.6713,0.292751,0.411583
917000,1,-3.68422,-53.5298,0.871886,0.38975
918000,1,-3.44293,-53.552,0.411071,0.388
919000,0,-1.5643,-55.2623,0.0976907,0.376
920000,0,-1.61458,-53.5654,0.251689,0.349
921000,2,-6.49011,-53.9324,1.4368,0.4034
922000,0,-1.4303,-53.3101,0.20913,0.406
923000,0,-1.60351,-53.5875,0.24827,0.387625
924000,0,-1.85613,-54.7656,0.264292,0.39972
925000,0,-2.35279,-54.5845,0.843331,0.381333
926000,1,-3.12423,-53.3009,0.407749,0.400667
927000,0,-1.5051,-53.9449,0.141456,0.374
928000,0,-3.08861,-56.1003,1.23848,0.376667
929000,0,-1.60639,-53.3835,0.243154,0.36
930000,0,-2.02705,-53.4235,0.65631,0.328
931000,0,-1.55412,-54.287,0.179461,0.378
932000,0,-2.24632,-59.5928,0.429976,0.324
933000,0,-2.49596,-53.3947,1.13055,0.382
934000,0,-1.4569,-53.5766,0.0753734,0.383286
935000,0,-2.16397,-53.6984,0.963755,0.378286
936000,0,-1.66747,-54.5782,0.163168,0.3846
937000,0,-2.65377,-55.976,0.816665,0.426
938000,0,-1.4358,-53.431,0.107835,0.383
939000,0,-1.97849,-53.468,0.606436,0.364
940000,0,-2.57838,-53.3249,1.32032,0.388
941000,0,-2.33111,-53.6511,0.915605,0.3686
942000,0,-1.59391,-53.9506,0.145417,0.395
943000,0,-1.70439,-53.2196,0.37293,0.380222
944000,0,-2.15826,-54.3926,0.699547,0.428
945000,0,-1.74378,-54.9787,0.310055,0.412333
946000,0,-1.76427,-54.826,0.134144,0.455
947000,0,-1.4235,-53.5791,0.0538589,0.355
948000,0,-2.00918,-56.2238,0.14838,0.385
949000,0,-1.9985,-53.2113,0.671911,0.351
950000,0,-2.21748,-53.1628,0.905183,0.347
951000,0,-1.59711,-53.1315,0.328593,0.371714
952000,0,-1.73661,-54.9368,0.0893516,0.342
953000,0,-2.21232,-55.694,0.432268,0.342
954000,0,-1.58115,-53.2618,0.279551,0.366857
955000,0,-1.97991,-55.0871,0.315194,0.339333
956000,4,-10.7209,-54.2939,1.92822,0.48
957000,0,-2.37772,-54.9463,0.724912,0.36025
958000,1,-4.15771,-55.3418,0.0458061,0.361091
959000,0,-3.1834,-53.2253,1.87872,0.421
960000,0,-1.50826,-54.1077,0.0101877,0.345
961000,1,-4.99598,-54.7461,1.77225,0.4152
962000,0,-1.28609,-55.7644,0.0451152,0.3776
963000,0,-2.06627,-54.7166,0.501873,0.347
964000,0,-1.56136,-53.2767,0.326478,0.338
965000,0,-1.88249,-53.0423,0.593957,0.36375
966000,0,-2.71399,-53.5376,1.4209,0.378083
967000,0,-1.3857,-53.1316,0.140416,0.369571
968000,0,-2.67252,-53.5945,1.27439,0.442
969000,1,-5.66123,-56.7554,0.966923,0.434
970000,0,-1.99378,-54.3031,0.561538,0.3985
971000,0,-1.56871,-53.5429,0.178764,0.353
972000,1,-3.95261,-54.61,0.799476,0.413833
973000,0,-1.44403,-53.396,0.077931,0.453
974000,0,-1.7096,-57.4572,0.172007,0.349
975000,0,-1.85358,-55.3088,0.26722,0.343
976000,0,-1.97227,-53.3168,0.697407,0.375818
977000,0,-1.85946,-54.2162,0.338974,0.397
978000,0,-1.87513,-55.7294,0.153248,0.345
979000,0,-2.74863,-54.0384,1.32494,0.364
980000,0,-1.66532,-53.3525,0.31092,0.369222
981000,0,-1.43611,-53.348,0.196341,0.397
982000,0,-2.15019,-53.904,0.709848,0.422
983000,0,-1.85953,-54.4901,0.463893,0.392
984000,0,-1.73797,-53.2331,0.4482,0.374
985000,0,-2.20901,-53.4584,0.935734,0.387667
986000,0,-1.60582,-55.0835,0.15342,0.387
987000,0,-2.22278,-53.4626,0.995619,0.366333
988000,0,-4.23414,-55.6641,2.45214,0.383538
989000,1,-5.53823,-58.8392,1.43495,0.381
990000,0,-2.04443,-53.7646,0.649307,0.37
991000,0,-1.39403,-53.3647,0.034425,0.393591
992000,0,-1.57736,-54.2302,0.0545211,0.375
993000,0,-2.68758,-54.336,1.22156,0.364667
994000,0,-2.20722,-54.0375,0.797377,0.311
995000,1,-4.33069,-54.4195,0.970467,0.404
996000,0,-2.62686,-53.9367,1.23031,0.363714
997000,0,-1.62654,-53.887,0.347279,0.395
998000,0,-2.46548,-54.5339,0.886002,0.394333
999000,0,-2.27987,-53.5504,0.915509,0.396
1000000,0,-1.67162,-53.5016,0.286344,0.3817
1001000,0,-2.08591,-55.524,0.731797,0.3705
1002000,0,-2.23636,-54.4798,0.744193,0.388
1003000,0,-2.06206,-53.6629,0.740819,0.39
1004000,0,-1.43328,-53.4576,0.135233,0.336
1005000,0,-1.87211,-54.5617,0.28737,0.342
1006000,1,-5.30878,-55.375,0.424949,0.427
1007000,0,-2.42035,-57.798,0.769055,0.336
1008000,0,-1.82669,-53.6147,0.496871,0.348
1009000,0,-1.50891,-53.7184,0.125496,0.382583
1010000,0,-1.82308,-54.916,0.377785,0.391
1011000,0,-1.74885,-55.145,0.180531,0.377
1012000,0,-1.64049,-55.6407,0.402305,0.369
1013000,0,-2.30578,-55.0058,0.641891,0.380818
1014000,0,-1.5765,-53.739,0.184391,0.353
1015000,0,-3.04234,-53.2894,1.69843,0.364
1016000,3,-7.18407,-54.7757,0.80118,0.531
1017000,1,-3.27959,-54.1493,0.328177,0.488
1018000,0,-1.58516,-53.3955,0.33649,0.362
1019000,0,-1.61512,-53.6931,0.192348,0.37
1020000,0,-3.31813,-53.3848,1.9545,0.367
1021000,0,-3.18571,-53.2642,1.85151,0.358
1022000,1,-3.33283,-55.6332,0.361361,0.391
1023000,1,-4.32695,-55.828,0.954103,0.409833
1024000,0,-1.68148,-54.3864,0.128326,0.435
1025000,0,-1.98592,-53.8295,0.549005,0.347333
1026000,0,-3.1208,-53.504,1.75347,0.393452
1027000,0,-2.50691,-53.5992,1.11122,0.329
1028000,0,-2.61263,-56.1309,0.838774,0.41
1029000,0,-2.28842,-53.879,0.830707,0.36
1030000,0,-1.26904,-56.5024,0.0565766,0.321
1031000,0,-1.75943,-53.4154,0.529127,0.327
1032000,0,-2.33537,-53.7649,0.8999,0.354429
1033000,0,-1.83743,-55.7151,0.214389,0.350778
1034000,0,-1.67721,-54.4926,0.207915,0.382182
1035000,0,-1.89767,-57.9549,0.0320977,0.389
1036000,0,-1.97455,-54.9269,0.458765,0.358
1037000,0,-1.41557,-53.6817,0.032846,0.348
1038000,0,-1.2702,-54.9832,0.0905108,0.338
1039000,0,-1.80755,-56.8369,0.0696829,0.386
1040000,0,-1.99026,-53.6509,0.628563,0.357
1041000,0,-1.4386,-53.1028,0.130512,0.382
1042000,0,-1.84934,-53.1098,0.53982,0.33
1043000,0,-2.05027,-53.5205,0.714473,0.3718
1044000,1,-5.64074,-53.9806,0.172497,0.344
1045000,0,-1.60589,-53.544,0.275586,0.365462
1046000,0,-2.14167,-55.4479,0.409339,0.366333
1047000,0,-1.58655,-53.9162,0.120995,0.3576
1048000,0,-1.79572,-54.2173,0.393515,0.352
1049000,0,-2.0479,-54.52,0.471277,0.342
1050000,0,-1.56702,-53.0994,0.289392,0.3672
1051000,0,-1.81817,-53.1759,0.495407,0.367571
1052000,0,-1.92311,-54.2025,0.404403,0.39125
1053000,0,-1.61961,-54.4555,0.0566301,0.397
1054000,0,-1.74632,-55.1545,0.0808051,0.398
1055000,0,-2.52149,-54.5336,1.04558,0.4066
1056000,0,-1.76202,-53.7081,0.367605,0.388
1057000,0,-1.4043,-53.6265,0.0720214,0.363
1058000,0,-1.77164,-53.4929,0.48992,0.33
1059000,1,-4.97016,-56.3631,0.460233,0.347
1060000,0,-2.65627,-54.303,1.13128,0.356
1061000,1,-7.96178,-56.9618,2.13941,0.499
1062000,0,-1.92955,-57.5662,0.128136,0.348
1063000,0,-2.49187,-55.694,0.769159,0.36625
1064000,1,-4.12419,-57.4553,1.35751,0.439
1065000,0,-2.1844,-55.0403,0.588869,0.399
1066000,0,-1.49271,-53.9885,0.0158415,0.333
1067000,0,-1.50436,-53.0823,0.200656,0.399
1068000,2,-6.31543,-54.3136,0.949561,0.3835
1069000,0,-1.69535,-54.3248,0.153418,0.515
1070000,0,-1.81485,-55.6807,0.333524,0.364
1071000,0,-1.66413,-53.4555,0.300593,0.369
1072000,0,-1.94292,-54.1386,0.659354,0.385056
1073000,0,-1.61236,-54.3092,0.0980187,0.32
1074000,0,-1.79963,-54.5344,0.224577,0.366
1075000,0,-2.66712,-53.3794,1.31906,0.382647
1076000,0,-1.73463,-53.7878,0.306085,0.354
1077000,0,-1.38629,-53.785,0.0157058,0.357333
1078000,0,-1.9091,-56.4263,0.0713163,0.371
1079000,0,-1.42805,-53.6024,0.152328,0.349714
1080000,0,-1.34565,-53.0485,0.0687447,0.374286
1081000,0,-2.79982,-53.2812,1.54193,0.3942
1082000,0,-2.18754,-53.6188,0.873097,0.371
1083000,1,-4.37591,-55.08,0.829635,0.379
1084000,1,-4.49671,-54.5841,0.495097,0.356
1085000,2,-7.88544,-55.1161,1.82034,0.408
1086000,0,-2.08562,-53.498,0.778905,0.467
1087000,0,-1.77564,-56.1734,0.0120375,0.382667
1088000,0,-1.62236,-54.4959,0.0869854,0.39925
1089000,0,-1.6222,-53.5638,0.313074,0.3915
1090000,0,-1.64796,-53.3854,0.284033,0.367
1091000,0,-2.34939,-54.1217,0.847844,0.358
1092000,0,-1.72934,-54.3827,0.188594,0.381357
1093000,0,-2.63176,-53.7693,1.25874,0.37
1094000,0,-1.8449,-53.2738,0.503262,0.35
1095000,0,-1.48114,-53.2158,0.208884,0.318
1096000,0,-2.41541,-60.2035,0.297786,0.364
1097000,0,-1.65828,-53.9457,0.291141,0.343
1098000,0,-1.53634,-53.4444,0.23505,0.367
1099000,0,-1.57866,-53.5523,0.299401,0.342
1100000,0,-1.93135,-54.0503,0.445138,0.384
1101000,0,-1.60896,-54.8216,0.050022,0.364467
1102000,1,-5.3164,-53.8619,1.30346,0.363
1103000,0,-2.01868,-55.1923,0.327227,0.349333
1104000,0,-1.56403,-53.2499,0.231687,0.345
1105000,0,-2.32297,-56.5586,0.922358,0.305
1106000,0,-1.68577,-54.0206,0.200619,0.352
1107000,1,-8.19171,-54.6115,2.04848,0.3634
1108000,0,-1.76579,-54.0611,0.278548,0.353
1109000,0,-2.63162,-57.1654,0.897118,0.342
1110000,0,-1.7737,-54.2429,0.285844,0.361
1111000,0,-1.97507,-53.3658,0.732176,0.3708
1112000,0,-1.5244,-53.7479,0.106526,0.369042
1113000,0,-1.7091,-53.1401,0.449848,0.338
1114000,1,-5.92417,-56.2621,0.408,0.35925
1115000,0,-2.02426,-56.9311,0.274969,0.3565
1116000,0,-2.48058,-56.7227,0.754528,0.361
1117000,0,-3.04364,-57.8587,1.17482,0.376
1118000,0,-2.15702,-55.4906,0.665845,0.359238
1119000,0,-2.80636,-54.1308,1.35214,0.432
1120000,0,-1.78783,-55.8722,0.077257,0.373
1121000,0,-1.45528,-53.6757,0.0717428,0.422
1122000,1,-7.31222,-54.784,2.44404,0.3668
1123000,0,-1.82762,-54.9519,0.202576,0.345
1124000,0,-1.6507,-53.8757,0.27299,0.345
1125000,0,-1.35233,-53.5229,0.00131763,0.351667
1126000,0,-1.56147,-53.2203,0.32287,0.369
1127000,0,-1.26904,-53.9228,0.06227,0.38
1128000,0,-2.80441,-56.3106,0.908894,0.358
1129000,0,-1.53876,-54.2973,0.00262782,0.363611
1130000,0,-1.83463,-55.8081,0.0449656,0.359
1131000,0,-2.01662,-53.6307,0.714277,0.347
1132000,0,-2.34329,-55.2363,0.88639,0.376875
1133000,0,-3.81661,-53.933,2.36617,0.393
1134000,0,-1.58094,-54.4354,0.19538,0.370333
1135000,0,-1.55961,-53.6052,0.175301,0.3715
1136000,0,-3.41631,-53.2778,2.12333,0.351
1137000,1,-4.77753,-54.701,0.937709,0.429
1138000,1,-4.01162,-53.7341,0.27866,0.411
1139000,0,-1.52424,-53.8132,0.102416,0.367167
1140000,0,-1.80541,-53.4318,0.443247,0.349
1141000,0,-1.4053,-53.6184,0.156417,0.3605
1142000,0,-1.73246,-53.0089,0.458292,0.402
1143000,0,-1.74346,-53.5534,0.448484,0.382
1144000,0,-1.579,-53.9279,0.146246,0.364
1145000,0,-1.34184,-54.0909,0.00794364,0.32
1146000,0,-1.51011,-53.2524,0.18244,0.422
1147000,0,-2.85721,-54.8255,1.33383,0.357
1148000,0,-1.70587,-54.4662,0.258955,0.3848
1149000,0,-2.39221,-54.553,1.22581,0.362
1150000,0,-2.19734,-53.2138,0.867705,0.3778
1151000,0,-3.16272,-54.3381,1.62544,0.348
1152000,0,-2.29387,-56.1465,0.427001,0.349
1153000,0,-1.96013,-54.4703,0.737323,0.32
1154000,0,-2.15755,-55.0171,0.504408,0.405
1155000,0,-2.38085,-53.5148,1.00895,0.37625
1156000,0,-1.74697,-53.3033,0.414463,0.3605
1157000,0,-2.03799,-57.6267,0.0440639,0.362
1158000,0,-1.93323,-57.2796,0.039872,0.336
1159000,0,-1.44653,-53.6509,0.0308534,0.361
1160000,0,-1.62785,-53.4015,0.286556,0.356
1161000,0,-1.50367,-53.5173,0.204207,0.387167
1162000,0,-1.72569,-53.2029,0.415231,0.3725
1163000,1,-3.80936,-52.9536,0.883979,0.398
1164000,0,-1.82614,-54.9108,0.381323,0.354
1165000,0,-1.78526,-54.7961,0.203484,0.338
1166000,1,-3.65069,-53.8782,0.224318,0.377294
1167000,0,-1.76985,-53.2512,0.435466,0.449
1168000,0,-1.76014,-54.2649,0.427621,0.35
1169000,0,-1.6104,-53.4098,0.265045,0.363
1170000,2,-5.76359,-55.0311,1.35221,0.3805
1171000,0,-2.85638,-53.7404,1.42975,0.466
1172000,0,-1.78217,-55.5633,0.0311403,0.356
1173000,0,-1.81454,-54.8635,0.287527,0.337
1174000,0,-1.49823,-53.4464,0.129546,0.43
1175000,0,-1.96063,-54.8165,0.372819,0.331
1176000,0,-1.68285,-53.5724,0.326733,0.382341
1177000,1,-3.7342,-54.5158,0.710505,0.39
1178000,0,-1.91724,-54.8705,0.520427,0.36
1179000,0,-3.0807,-57.4198,1.1311,0.391
1180000,2,-5.96691,-56.0254,1.54568,0.351
1181000,1,-3.44151,-52.9308,0.784166,0.37425
1182000,0,-2.16292,-55.7329,0.368735,0.559
1183000,0,-1.27624,-53.342,0.0389016,0.421667
1184000,0,-1.29984,-53.0911,0.0195162,0.389
1185000,0,-1.36936,-53.4247,0.046455,0.337
1186000,0,-1.95078,-53.7144,0.523331,0.387476
1187000,0,-1.88891,-54.0752,0.403879,0.3877
1188000,0,-1.56307,-53.8506,0.126556,0.3644
1189000,0,-2.10601,-54.3715,0.595298,0.37325
1190000,0,-2.54163,-55.5437,1.00651,0.332
1191000,0,-2.52161,-54.3886,1.06404,0.339
1192000,0,-2.05018,-54.1681,0.553152,0.3576
1193000,0,-1.79525,-53.4635,0.423337,0.345
1194000,0,-1.32459,-53.1524,0.00678775,0.344
1195000,1,-3.81417,-53.9158,0.357183,0.375333
1196000,0,-3.38508,-53.8122,2.15837,0.468
1197000,0,-1.5375,-53.5471,0.2664,0.345
1198000,0,-1.91401,-56.3458,0.375021,0.44
1199000,0,-1.37008,-53.0337,0.101802,0.328
1200000,0,-1.8341,-53.102,0.536017,0.311
1201000,1,-3.74552,-54.4931,0.624514,0.396857
1202000,1,-5.68133,-53.9122,0.505579,0.334
1203000,1,-5.88596,-54.4402,2.89158,0.372867
1204000,0,-2.13545,-55.6771,0.521935,0.433
1205000,0,-1.80994,-54.0298,0.322653,0.358333
1206000,0,-2.03286,-53.7262,0.604611,0.37085
1207000,0,-2.56115,-57.731,0.57758,0.355
1208000,1,-3.95548,-53.6431,1.13352,0.373
1209000,0,-1.42964,-53.4217,0.19222,0.353
1210000,0,-1.2536,-53.5277,0.0337213,0.3604
1211000,0,-2.19387,-54.3652,0.737703,0.3565
1212000,1,-4.01303,-53.8369,1.07864,0.34925
1213000,0,-1.51757,-54.0533,0.255486,0.373
1214000,0,-1.32545,-53.3707,0.0978701,0.327
1215000,0,-1.43197,-54.8044,0.070084,0.382
1216000,0,-2.13232,-55.0952,0.531654,0.342
1217000,0,-1.32937,-53.1548,0.0302344,0.3683
1218000,0,-2.14307,-53.753,0.730342,0.461
1219000,0,-1.98801,-54.3764,0.459128,0.376
1220000,0,-1.728,-54.0757,0.23309,0.385
1221000,0,-1.23216,-53.3647,0.00350104,0.375545
1222000,0,-1.70942,-53.8285,0.329728,0.372
1223000,0,-2.07393,-55.2744,0.361341,0.373182
1224000,0,-1.4378,-56.0235,0.140202,0.367
1225000,0,-3.52898,-54.5145,2.31903,0.363
1226000,0,-1.32625,-53.094,0.0694326,0.3628
1227000,0,-2.94701,-55.4282,1.21721,0.367
1228000,0,-1.67183,-53.3579,0.314497,0.314
1229000,0,-1.34727,-53.2908,0.00162893,0.453
1230000,0,-2.18116,-53.4667,0.801079,0.335
1231000,0,-1.36246,-54.1183,0.00982893,0.382
1232000,0,-3.37116,-56.4838,1.47322,0.343
1233000,0,-3.09982,-55.4795,1.48354,0.442
1234000,0,-2.75554,-56.0981,0.925306,0.351
1235000,1,-5.22593,-57.1109,0.279322,0.453
1236000,0,-2.0147,-53.6884,0.620267,0.434
1237000,0,-2.62853,-54.1647,1.13345,0.39275
1238000,0,-3.17592,-53.569,1.77601,0.349
1239000,1,-5.33619,-54.563,1.33186,0.377176
1240000,0,-2.22912,-53.9463,0.831068,0.401
1241000,0,-3.44601,-54.4117,2.01177,0.344
1242000,1,-5.27372,-54.0225,1.81596,0.424
1243000,0,-1.73209,-55.4683,0.184822,0.412
1244000,1,-3.53289,-53.5708,0.778216,0.346
1245000,0,-2.84754,-54.9351,1.22818,0.441286
1246000,0,-1.69282,-53.2497,0.40485,0.392267
1247000,0,-1.72986,-56.0207,0.232937,0.37
1248000,0,-1.3957,-53.4997,0.00920122,0.396
1249000,0,-2.75602,-57.0324,1.02847,0.39875
1250000,1,-5.91265,-55.5092,0.921302,0.397333
1251000,1,-6.31389,-54.4231,2.58812,0.389
1252000,0,-3.2143,-58.9656,1.27362,0.428
1253000,0,-1.92137,-54.0897,0.435408,0.369
1254000,0,-1.83946,-54.487,0.381005,0.3846
1255000,0,-1.91592,-53.5383,0.538073,0.368
1256000,0,-1.96258,-54.4283,0.42748,0.350667
1257000,0,-1.52308,-53.6784,0.12271,0.373714
1258000,1,-3.26075,-53.8631,0.826326,0.368
1259000,1,-4.61822,-56.1396,0.623371,0.33
1260000,0,-1.74547,-53.2905,0.402921,0.3752
1261000,0,-1.59642,-53.3363,0.246323,0.47
1262000,0,-2.25275,-53.7826,0.838527,0.39
1263000,0,-1.56544,-54.1282,0.118948,0.427
1264000,1,-4.75525,-55.1684,1.03143,0.371
1265000,0,-1.50297,-53.8281,0.108023,0.429
1266000,0,-1.43307,-53.4004,0.0940314,0.378
1267000,0,-1.8452,-54.2942,0.311678,0.424
1268000,0,-3.02099,-53.9488,1.60356,0.373429
1269000,0,-2.40869,-54.1732,0.911015,0.3947
1270000,0,-1.5335,-54.8706,0.00764631,0.361
1271000,0,-1.41596,-54.4927,0.184188,0.499
1272000,0,-1.88492,-54.5598,0.371175,0.39125
1273000,0,-1.76877,-54.5789,0.180553,0.4765
1274000,0,-1.56564,-53.6749,0.33941,0.371
1275000,0,-1.47606,-53.7345,0.0572196,0.396857
1276000,0,-1.54458,-54.1764,0.201032,0.415
1277000,1,-4.95648,-58.3831,0.733157,0.3898
1278000,0,-1.45367,-53.5915,0.0676427,0.394
1279000,0,-2.03497,-54.0365,0.64928,0.386667
1280000,0,-2.03309,-53.1917,0.732533,0.388077
1281000,0,-2.40057,-54.5692,0.813953,0.345
1282000,0,-1.78783,-53.5746,0.557417,0.363
1283000,0,-1.46402,-53.6481,0.0898689,0.3618
1284000,1,-3.09323,-53.2151,0.135708,0.385
1285000,0,-1.92427,-56.807,0.214872,0.431333
1286000,0,-1.56809,-53.1584,0.252171,0.383
1287000,0,-1.44129,-53.6996,0.102187,0.376
1288000,0,-1.9103,-56.1237,0.175455,0.31
1289000,0,-2.19319,-54.0354,0.891619,0.3375
1290000,0,-1.65349,-54.1455,0.144672,0.376
1291000,0,-2.15259,-53.621,0.925839,0.374333
1292000,0,-1.39004,-53.1142,0.080773,0.3805
1293000,0,-2.7247,-53.8302,1.29167,0.380714
1294000,0,-2.18855,-54.9401,0.768129,0.318
1295000,0,-1.65709,-53.4751,0.277217,0.353
1296000,0,-2.07037,-53.2474,0.808125,0.370529
1297000,0,-1.93756,-54.5849,0.384521,0.367333
1298000,0,-1.8039,-58.8448,0.03704,0.35
1299000,1,-3.86883,-53.3043,1.33495,0.384
1300000,0,-1.74293,-55.7829,0.223015,0.392
1301000,0,-2.04578,-56.035,0.460509,0.34525
1302000,0,-1.71,-53.8128,0.267462,0.4075
1303000,0,-2.34725,-54.2702,0.899559,0.4305
1304000,0,-1.57296,-53.3238,0.228465,0.336
1305000,0,-1.3864,-55.4749,0.190624,0.386667
1306000,0,-1.39927,-53.7906,0.135682,0.365
1307000,1,-4.58321,-54.7234,1.47188,0.400333
1308000,0,-2.91455,-59.1218,0.640781,0.343
1309000,0,-1.39574,-53.562,0.0021194,0.346
1310000,0,-2.48394,-55.9695,1.22482,0.378667
1311000,0,-1.54701,-54.2147,0.132234,0.382235
1312000,0,-2.16278,-54.5699,0.633935,0.354
1313000,0,-1.88587,-56.8599,0.0798146,0.365
1314000,0,-1.70715,-54.2606,0.273466,0.471
1315000,0,-1.70296,-54.0457,0.488283,0.3832
1316000,0,-3.00495,-54.6247,1.40913,0.37
1317000,0,-1.87276,-54.4907,0.402491,0.377455
1318000,3,-12.2818,-57.7042,3.82517,0.42
1319000,0,-1.49932,-53.6194,0.0951498,0.394
1320000,0,-2.0441,-53.6151,0.643053,0.386909
1321000,0,-1.58197,-53.428,0.307518,0.342
1322000,0,-1.93526,-54.134,0.452065,0.389429
1323000,0,-2.03459,-53.7592,0.827587,0.366
1324000,1,-4.74209,-54.5654,1.3517,0.380333
1325000,0,-1.9045,-54.4753,0.476936,0.379714
1326000,0,-1.91662,-53.1502,0.670167,0.35
1327000,0,-2.3869,-53.6229,0.996882,0.339
1328000,0,-2.20695,-55.0042,0.54918,0.34325
1329000,1,-4.53793,-53.6936,0.501384,0.3405
1330000,0,-1.96114,-53.4444,0.585755,0.373
1331000,0,-1.73709,-53.2466,0.421273,0.337
1332000,0,-2.294,-57.5308,0.19444,0.350778
1333000,1,-5.56186,-54.7923,0.97145,0.3855
1334000,0,-1.53245,-53.9859,0.0834889,0.367867
1335000,0,-2.87218,-53.4405,1.52018,0.383
1336000,0,-1.54988,-53.1409,0.234418,0.365667
1337000,0,-1.79453,-54.6908,0.253323,0.33
1338000,0,-1.48479,-53.0946,0.181372,0.35
1339000,0,-1.66049,-53.3704,0.314704,0.367
1340000,0,-3.18798,-54.4488,1.63334,0.371
1341000,0,-2.64754,-53.5881,1.24466,0.354
1342000,0,-2.29969,-58.2006,0.629172,0.363714
1343000,0,-1.55021,-53.7332,0.132903,0.377
1344000,0,-1.98479,-53.8692,0.557563,0.403
1345000,0,-1.94225,-54.7632,0.521413,0.367
1346000,0,-1.4447,-53.586,0.0430107,0.488
1347000,0,-1.6396,-54.1525,0.27025,0.370444
1348000,2,-6.48375,-54.3385,0.693248,0.3775
1349000,0,-1.94245,-53.9113,0.528574,0.354
1350000,1,-4.30017,-53.8475,0.382472,0.378636
1351000,0,-1.46095,-53.2617,0.131067,0.4405
1352000,0,-1.7912,-53.123,0.520842,0.432
1353000,1,-5.01939,-53.9472,0.0516285,0.391
1354000,0,-1.87261,-54.6466,0.469392,0.411
1355000,0,-2.30811,-54.6307,0.823637,0.352
1356000,0,-1.76654,-53.2656,0.432319,0.314
1357000,0,-2.89454,-54.4815,1.6269,0.391
1358000,0,-1.57664,-53.5545,0.191083,0.387875
1359000,0,-1.95037,-55.3981,0.793389,0.374
1360000,0,-1.70866,-55.3957,0.35017,0.4035
1361000,0,-2.31918,-54.0099,0.857013,0.38475
1362000,3,-10.7078,-55.3943,1.36175,0.43
1363000,1,-5.05764,-53.7064,1.87701,0.3985
1364000,0,-3.29672,-53.9591,1.8851,0.441
1365000,2,-10.9762,-54.8533,1.37386,0.4685
1366000,0,-2.01868,-56.3891,0.124571,0.441
1367000,0,-2.46627,-55.3749,0.949274,0.375
1368000,0,-2.89292,-53.7908,1.45252,0.3864
1369000,0,-1.45526,-54.3017,0.234295,0.388
1370000,0,-1.7118,-53.8063,0.273864,0.419
1371000,0,-2.36623,-53.9324,0.910915,0.378
1372000,0,-2.33585,-53.6667,1.13092,0.3195
1373000,0,-1.85596,-54.3383,0.400119,0.449
1374000,0,-1.32301,-53.7958,0.060076,0.386
1375000,1,-4.26839,-57.5575,1.0557,0.441
1376000,1,-3.80392,-55.8652,1.07888,0.429
1377000,1,-4.6086,-55.2371,0.73885,0.403167
1378000,0,-2.30343,-55.409,0.568224,0.3935
1379000,5,-18.0833,-55.7308,2.53018,0.388
1380000,0,-2.01244,-53.7571,0.593563,0.398625
1381000,0,-1.29577,-53.2156,0.0231672,0.416
1382000,0,-1.63804,-53.7099,0.213998,0.398667
1383000,1,-3.26439,-54.1859,0.735693,0.373
1384000,1,-7.14898,-56.3683,1.86896,0.486
1385000,0,-1.28983,-53.1594,0.035658,0.35725
1386000,0,-2.04363,-53.2646,0.708868,0.331
1387000,0,-1.72558,-54.9691,0.496529,0.422
1388000,0,-1.44307,-53.7621,0.0065283,0.335
1389000,1,-3.21235,-54.9826,0.544033,0.326
1390000,1,-3.58213,-53.2428,1.09392,0.402
1391000,0,-2.2333,-53.7461,0.860849,0.374231
1392000,0,-2.80887,-53.05,1.54773,0.358875
1393000,1,-4.33503,-53.1702,0.34872,0.412667
1394000,0,-1.72907,-54.4406,0.199175,0.433
1395000,0,-1.75804,-54.5121,0.262069,0.37
1396000,0,-1.36899,-53.3607,0.020151,0.394
1397000,0,-2.45406,-55.7727,0.669281,0.316
1398000,0,-2.95112,-53.5611,1.55293,0.391553
1399000,2,-5.60583,-54.1424,1.3427,0.3875
1400000,0,-1.77784,-55.4642,0.22516,0.381667
1401000,0,-1.89701,-54.4436,0.354707,0.34
1402000,0,-1.81446,-55.2651,0.121675,0.364
1403000,0,-2.42953,-56.4399,1.02743,0.394
1404000,0,-2.56462,-55.2115,1.03362,0.422
1405000,0,-2.03728,-54.5152,0.538276,0.370667
1406000,0,-1.67226,-55.8372,0.278581,0.397375
1407000,0,-1.54242,-53.2398,0.237736,0.408
1408000,0,-1.9574,-54.2219,0.518882,0.380333
1409000,0,-1.78755,-54.301,0.288979,0.3738
1410000,1,-6.48686,-55.751,1.79553,0.388308
1411000,0,-1.67581,-54.6881,0.117303,0.4765
1412000,0,-2.16334,-54.1207,0.792214,0.401
1413000,0,-2.49289,-54.7725,0.897137,0.319
1414000,0,-2.86147,-54.2019,1.35549,0.3735
1415000,0,-1.61603,-53.3314,0.341994,0.41
1416000,1,-4.85398,-53.1314,0.448882,0.374875
1417000,0,-1.76206,-53.8953,0.317717,0.385
1418000,0,-1.75033,-53.2456,0.415776,0.333
1419000,0,-1.82516,-56.1733,0.00587272,0.374
1420000,0,-2.32067,-53.2496,1.09097,0.444
1421000,1,-4.87353,-55.8799,1.54012,0.465
1422000,1,-2.74974,-58.5025,0.243977,0.4425
1423000,0,-1.7549,-55.4738,0.295008,0.385
1424000,1,-4.32236,-54.811,0.565551,0.344
1425000,0,-1.84206,-54.0798,0.345441,0.39025
1426000,0,-2.00662,-54.4406,0.443733,0.374
1427000,0,-2.43977,-54.7365,1.0208,0.422167
1428000,0,-1.61455,-53.4275,0.283146,0.374933
1429000,0,-2.01025,-53.3635,0.655472,0.338
1430000,0,-1.72799,-53.7414,0.40596,0.34425
1431000,0,-1.90979,-55.3199,0.456568,0.3245
1432000,0,-1.8495,-55.0398,0.192804,0.3318
1433000,0,-1.25341,-54.0911,0.0397362,0.331
1434000,0,-1.2857,-54.0172,0.0567905,0.3659
1435000,0,-2.43302,-53.5568,1.04047,0.406
1436000,0,-2.06605,-54.0115,0.791427,0.417
1437000,0,-1.28949,-54.0731,0.0111977,0.363
1438000,0,-1.53598,-53.2405,0.203366,0.347375
1439000,1,-5.49428,-56.74,2.15352,0.365
1440000,0,-2.49772,-53.884,1.03932,0.366
1441000,0,-1.48095,-53.5248,0.0904085,0.359
1442000,1,-4.78936,-54.6845,0.805173,0.389
1443000,0,-1.80301,-55.9154,0.0195784,0.362182
1444000,0,-3.48612,-54.394,2.07619,0.373
1445000,0,-1.59088,-53.3427,0.338323,0.371
1446000,0,-1.74244,-54.6977,0.141834,0.402
1447000,0,-2.85303,-54.1099,1.67356,0.352
1448000,0,-2.06446,-54.6109,0.470722,0.37125
1449000,0,-1.96642,-54.6035,0.466665,0.415571
1450000,1,-3.85694,-54.5029,0.7095,0.416
1451000,2,-4.93819,-55.1872,0.234854,0.52
1452000,2,-6.19188,-59.5664,0.853635,0.406769
1453000,0,-1.96902,-54.866,0.439167,0.4265
1454000,0,-1.57939,-54.7739,0.0436264,0.369
1455000,0,-1.44518,-55.0257,0.0813381,0.37
1456000,3,-11.6886,-58.0412,0.607957,0.375
1457000,0,-1.83858,-55.1422,0.152444,0.427
1458000,1,-4.11366,-53.5844,0.494368,0.395714
1459000,0,-1.4818,-53.1898,0.203413,0.405
1460000,0,-1.70271,-54.6255,0.202018,0.324
1461000,1,-4.44816,-54.3824,1.57664,0.37475
1462000,1,-4.57766,-56.3026,1.52921,0.529
1463000,0,-1.41048,-54.0121,0.0593745,0.449333
1464000,0,-2.08316,-53.5797,0.684396,0.363
1465000,0,-2.04709,-55.056,0.451446,0.413125
1466000,0,-2.47237,-55.1479,0.798419,0.35775
1467000,0,-2.46862,-57.1693,0.474546,0.321
1468000,0,-1.52923,-53.6687,0.151802,0.388846
1469000,0,-3.23539,-54.0049,1.9446,0.3496
1470000,0,-1.74414,-53.8269,0.300446,0.531
1471000,0,-1.59119,-54.9767,0.25031,0.375667
1472000,1,-4.32687,-53.4794,1.78384,0.3782
1473000,0,-1.6001,-54.0556,0.405652,0.352333
1474000,0,-2.06181,-54.7056,0.501286,0.386333
1475000,0,-1.39505,-54.1487,0.139232,0.331
1476000,0,-2.31423,-55.2125,0.81155,0.413
1477000,0,-2.32486,-53.8616,1.00841,0.318
1478000,0,-1.68516,-54.1814,0.23653,0.354
1479000,0,-3.20298,-53.8103,1.79202,0.366
1480000,0,-2.08773,-54.1683,0.576695,0.373778
1481000,0,-1.94295,-53.2358,0.609542,0.383
1482000,2,-6.77002,-54.3741,0.887637,0.392111
1483000,1,-2.92467,-54.9375,0.181965,0.43675
1484000,0,-1.33657,-54.5336,0.161197,0.429
1485000,0,-1.62476,-54.3411,0.277356,0.357
1486000,0,-1.52076,-53.6698,0.107305,0.41975
1487000,0,-1.64555,-56.2455,0.0309777,0.413
1488000,0,-1.86208,-54.2498,0.676216,0.376
1489000,0,-3.69596,-53.2862,2.37935,0.378
1490000,0,-1.7677,-53.3919,0.418501,0.345
1491000,0,-2.13436,-54.3392,0.650508,0.378125
1492000,0,-3.0292,-56.4392,1.12692,0.439
1493000,0,-1.9825,-53.1253,0.686088,0.315
1494000,0,-1.56805,-54.2185,0.332371,0.36
1495000,0,-1.60188,-53.3179,0.251271,0.361
1496000,1,-6.65978,-54.4986,3.77069,0.373
1497000,0,-2.10713,-54.2734,0.664588,0.375571
1498000,0,-1.65444,-53.4482,0.280522,0.338
1499000,0,-1.675,-55.0521,0.173175,0.354
1500000,0,-2.03305,-56.6536,0.0800782,0.3885
1501000,0,-1.70513,-53.344,0.455513,0.348
1502000,0,-1.35803,-53.2726,0.0161833,0.374556
1503000,0,-1.42551,-53.0989,0.144355,0.388
1504000,0,-2.12055,-55.1797,0.652356,0.476
1505000,0,-1.76695,-56.6407,0.12856,0.439667
1506000,0,-2.49954,-55.5697,1.36125,0.3435
1507000,0,-1.94294,-54.2841,0.590895,0.3635
1508000,0,-1.6305,-53.7279,0.20279,0.335
1509000,0,-1.79758,-55.4805,0.642766,0.378172
1510000,1,-5.18384,-54.2613,2.52738,0.35975
1511000,0,-1.93792,-55.0732,0.271185,0.38
1512000,1,-3.12509,-57.1157,0.311161,0.433
1513000,1,-7.58848,-53.7922,1.29074,0.466
1514000,1,-7.20677,-54.6357,0.442329,0.375
1515000,0,-1.82253,-53.2027,0.495573,0.395
1516000,0,-1.38936,-53.4101,0.0207683,0.359
1517000,0,-1.89651,-53.0725,0.594867,0.355
1518000,0,-1.36883,-53.148,0.0785087,0.391
1519000,1,-5.19603,-55.9057,0.917402,0.408
1520000,0,-1.81154,-53.3622,0.470814,0.367
1521000,0,-1.91554,-53.2045,0.587003,0.421
1522000,1,-4.16906,-53.6803,0.888426,0.388
1523000,0,-1.96567,-54.0349,0.507927,0.37
1524000,0,-1.50939,-55.2675,0.0506945,0.3845
1525000,0,-1.38237,-54.1083,0.00571678,0.334
1526000,0,-1.6921,-54.0802,0.228086,0.33
1527000,0,-2.52499,-53.5231,1.13392,0.388263
1528000,0,-2.65012,-54.5444,1.09809,0.384
1529000,0,-3.1956,-53.8338,1.78745,0.383267
1530000,0,-2.41165,-54.5268,0.848591,0.326
1531000,0,-2.00912,-55.1643,0.33809,0.381
1532000,0,-2.55177,-54.706,0.997342,0.343
1533000,0,-1.82987,-53.0364,0.535546,0.343
1534000,0,-2.11853,-53.7615,0.8711,0.349
1535000,2,-8.50968,-54.9916,2.51978,0.349429
1536000,0,-1.4394,-53.3099,0.098087,0.439
1537000,0,-2.12451,-54.2394,0.59974,0.364714
1538000,0,-1.33988,-53.6822,0.0264261,0.415
1539000,1,-4.13528,-53.6036,0.375156,0.373692
1540000,0,-1.98248,-54.2097,0.471035,0.374667
1541000,0,-2.25067,-53.0622,0.966335,0.375
1542000,0,-1.95995,-56.9862,0.633518,0.369
1543000,0,-1.5106,-53.195,0.206536,0.37525
1544000,0,-3.4416,-53.1185,2.13074,0.332
1545000,0,-1.46866,-54.1029,0.0198091,0.348
1546000,0,-1.81249,-54.803,0.197459,0.375
1547000,0,-1.73882,-54.336,0.235384,0.374727
1548000,0,-1.88086,-53.7707,0.445604,0.361333
1549000,0,-2.44062,-53.8954,0.981114,0.357
1550000,0,-1.33968,-53.7687,0.0313102,0.408
1551000,1,-2.68785,-53.6935,0.324519,0.419
1552000,0,-1.97391,-54.6907,0.610542,0.4006
1553000,0,-1.8494,-54.5091,0.278108,0.323
1554000,0,-1.35204,-53.9516,0.111442,0.379667
1555000,0,-2.35548,-53.3363,1.01953,0.389778
1556000,1,-3.25405,-53.7855,0.632676,0.385333
1557000,0,-1.74808,-55.9398,0.444425,0.386667
1558000,0,-2.6797,-53.3673,1.3203,0.384333
1559000,0,-1.67071,-54.8922,0.16216,0.3555
1560000,0,-1.60642,-55.0215,0.0161139,0.372
1561000,0,-2.20989,-54.1721,0.723213,0.3675
1562000,0,-1.77047,-53.8498,0.324046,0.332
1563000,0,-1.79723,-53.4593,0.428073,0.437
1564000,0,-1.74073,-54.4651,0.176202,0.36175
1565000,0,-1.22197,-54.2829,0.0251995,0.369
1566000,0,-1.88206,-53.2108,0.556415,0.3565
1567000,0,-1.49543,-53.4072,0.154724,0.368
1568000,0,-1.62434,-53.2817,0.281661,0.354
1569000,0,-2.11596,-54.8371,0.48953,0.427
1570000,4,-18.6524,-56.2247,4.30822,0.384857
1571000,0,-2.10575,-53.6409,0.696725,0.436
1572000,0,-1.57922,-54.8007,0.247928,0.440667
1573000,0,-2.20871,-56.1422,0.404789,0.36
1574000,0,-1.54961,-53.1056,0.299701,0.352333
1575000,0,-1.71861,-53.6323,0.362726,0.389235
1576000,0,-2.05176,-54.2712,0.837246,0.335
1577000,1,-3.21333,-53.2963,0.360561,0.364
1578000,0,-2.54435,-55.8644,0.819347,0.389
1579000,1,-3.30595,-54.0157,0.435059,0.406
1580000,0,-1.53175,-53.7173,0.108947,0.388
1581000,0,-1.49157,-53.2562,0.179697,0.321
1582000,0,-1.59948,-53.5143,0.210118,0.335
1583000,0,-2.4323,-54.0346,1.06087,0.380444
1584000,0,-1.73805,-54.1808,0.247932,0.397
1585000,0,-1.71202,-55.0573,0.12968,0.343
1586000,0,-1.2879,-53.8698,0.0609131,0.358
1587000,1,-5.71757,-53.3352,2.70171,0.3608
1588000,0,-1.45973,-53.6724,0.0765472,0.348
1589000,0,-1.91508,-53.95,0.592751,0.354
1590000,0,-1.96445,-55.0615,0.609143,0.339
1591000,0,-2.34138,-56.285,0.581682,0.426
1592000,0,-1.92454,-53.4543,0.549016,0.383
1593000,0,-1.73291,-54.6657,0.169797,0.429
1594000,0,-3.57503,-53.1633,2.27134,0.374833
1595000,0,-1.42631,-53.7916,0.123939,0.356
1596000,0,-1.72312,-54.3246,0.420564,0.395
1597000,0,-2.00941,-54.9265,0.628891,0.335
1598000,0,-1.59168,-55.3236,0.132126,0.332
1599000,0,-2.46651,-56.7183,0.63403,0.355462
1600000,0,-1.92819,-54.4271,0.375899,0.455
1601000,0,-1.68605,-54.4129,0.20245,0.312
1602000,0,-2.04397,-54.9634,0.598734,0.391
1603000,0,-1.51019,-53.2649,0.171045,0.3796
1604000,0,-1.35616,-54.7037,0.135528,0.349
1605000,0,-1.58402,-55.0364,0.0662898,0.415
1606000,0,-2.28502,-54.2847,0.751626,0.368
1607000,0,-2.33349,-53.9846,0.919218,0.434
1608000,0,-1.56433,-54.2823,0.0370369,0.346
1609000,0,-1.96245,-53.7406,0.542435,0.325
1610000,0,-1.49006,-53.7562,0.265552,0.385375
1611000,0,-1.88654,-53.3662,0.526109,0.442
1612000,0,-1.78721,-53.6913,0.363809,0.379421
1613000,0,-2.31521,-53.2789,0.976446,0.369647
1614000,0,-1.55594,-53.5386,0.163131,0.362
1615000,0,-2.26918,-53.6873,0.850446,0.35825
1616000,0,-2.08486,-53.0867,0.790737,0.333
1617000,0,-1.51938,-53.4317,0.230691,0.325
1618000,0,-1.58019,-53.8802,0.13022,0.33975
1619000,0,-1.68352,-56.7891,0.0715266,0.3799
1620000,2,-8.60701,-57.3668,1.49329,0.3615
1621000,0,-1.59913,-53.9208,0.144823,0.385
1622000,0,-1.56612,-53.6832,0.225942,0.396
1623000,0,-2.14136,-54.5641,0.609328,0.4055
1624000,0,-1.41188,-54.8038,0.200166,0.366
1625000,0,-2.33978,-54.3043,0.959972,0.371
1626000,0,-1.57107,-54.1154,0.100956,0.355
1627000,1,-4.63728,-54.4221,0.451886,0.414
1628000,0,-1.91062,-54.5601,0.338831,0.368636
1629000,0,-2.21652,-53.2379,0.909852,0.3485
1630000,0,-2.57383,-54.1167,1.07268,0.489
1631000,0,-1.66236,-55.4634,0.0652243,0.38
1632000,0,-2.14099,-53.6267,0.739547,0.38925
1633000,0,-1.76026,-54.3833,0.257748,0.363
1634000,0,-1.8863,-53.7782,0.455226,0.335
1635000,0,-1.72692,-54.2491,0.200525,0.379786
1636000,0,-1.41607,-53.6332,0.00397169,0.376857
1637000,0,-1.70716,-53.524,0.317962,0.338
1638000,0,-1.83246,-53.7537,0.582145,0.556
1639000,0,-2.26613,-57.6073,0.285275,0.364
1640000,1,-3.7633,-54.158,0.35941,0.385667
1641000,0,-1.48554,-54.0995,0.0407616,0.326
1642000,0,-2.04754,-53.085,0.744808,0.3415
1643000,0,-1.71442,-54.9248,0.0792447,0.424
1644000,0,-2.89827,-53.5003,1.52552,0.403
1645000,0,-1.71187,-54.2561,0.204054,0.380909
1646000,0,-2.958,-54.0699,1.49823,0.333
1647000,0,-2.43199,-55.8613,0.635361,0.467
1648000,0,-2.45511,-60.2094,0.0762929,0.386769
1649000,0,-1.70544,-53.7396,0.386427,0.331
1650000,0,-1.32048,-54.845,0.131277,0.339
1651000,2,-6.62003,-57.0323,0.968367,0.392
1652000,0,-2.56212,-56.9771,0.608953,0.381909
1653000,0,-1.69196,-54.2119,0.319967,0.3555
1654000,0,-2.15981,-54.2822,0.666736,0.34
1655000,0,-1.63319,-54.2429,0.106593,0.358091
1656000,3,-7.1381,-51.552,1.79216,0.36
1657000,0,-2.02907,-54.23,0.508242,0.508
1658000,0,-1.61017,-55.052,0.155702,0.347
1659000,1,-3.94547,-54.8525,0.405579,0.414
1660000,0,-1.8933,-54.4411,0.358164,0.394
1661000,0,-3.14116,-53.5367,1.74752,0.379667
1662000,0,-1.61193,-53.3538,0.255189,0.379636
1663000,0,-2.24617,-56.0385,0.403793,0.364
1664000,0,-2.3055,-55.9127,0.746576,0.432
1665000,0,-1.61306,-53.5964,0.234247,0.343
1666000,2,-8.92097,-53.6514,3.67746,0.473
1667000,0,-2.637,-53.2608,1.3467,0.404
1668000,0,-1.72223,-53.6953,0.310766,0.397857
1669000,0,-1.86173,-53.6109,0.501346,0.326
1670000,0,-2.5934,-55.0354,0.924008,0.409
1671000,0,-2.17878,-53.2628,0.838734,0.336
1672000,0,-1.83707,-56.4978,0.0175896,0.42
1673000,0,-1.56755,-53.0719,0.310053,0.380692
1674000,2,-6.52126,-54.7968,0.145748,0.363
1675000,0,-1.76462,-54.7048,0.530358,0.561
1676000,0,-1.99258,-56.3946,0.370653,0.380556
1677000,0,-2.4373,-53.356,1.16078,0.336
1678000,0,-3.30214,-55.2786,1.63085,0.384
1679000,1,-3.95754,-54.1083,0.34189,0.3815
1680000,0,-1.72597,-54.2483,0.245827,0.363
1681000,0,-3.77839,-57.4771,2.25589,0.388263
1682000,0,-1.45931,-53.5332,0.127857,0.357
1683000,0,-2.40526,-55.838,0.800158,0.314
1684000,0,-2.71959,-58.5324,0.436061,0.323
1685000,0,-2.16348,-53.8872,0.709831,0.366286
1686000,0,-1.47138,-54.4743,0.0523384,0.367357
1687000,0,-1.48674,-53.4416,0.132989,0.368667
1688000,0,-1.91722,-55.6333,0.276451,0.432
1689000,0,-1.94131,-55.0368,0.47712,0.342
1690000,0,-2.33881,-54.2029,0.821843,0.3876
1691000,0,-1.33985,-53.5531,0.126561,0.434
1692000,0,-1.53365,-53.117,0.231972,0.375
1693000,0,-2.97994,-56.7044,1.03585,0.379
1694000,0,-1.8627,-55.0646,0.37402,0.3968
1695000,1,-5.1609,-54.237,0.446931,0.352
1696000,0,-2.96262,-57.8164,0.818525,0.412
1697000,1,-3.6043,-55.0447,0.251868,0.398
1698000,0,-1.3038,-54.6085,0.0603533,0.396333
1699000,1,-3.73609,-53.8342,0.351258,0.424
1700000,0,-2.17213,-53.8285,0.747911,0.39
1701000,0,-1.97083,-53.6838,0.559704,0.315
1702000,0,-1.54585,-53.4315,0.202604,0.332
1703000,0,-2.37164,-54.6358,1.12442,0.419
1704000,0,-3.02487,-55.6791,1.28049,0.389154
1705000,0,-1.86605,-55.3165,0.37694,0.415
1706000,0,-1.90177,-53.9586,0.44556,0.4
1707000,0,-2.44226,-54.6053,1.00363,0.376833
1708000,0,-2.6958,-54.4366,1.13397,0.45
1709000,0,-2.04425,-53.1645,0.773396,0.383
1710000,2,-11.2734,-59.0486,4.25886,0.387308
1711000,0,-1.60697,-54.796,0.394619,0.4195
1712000,1,-4.73007,-54.1143,0.922158,0.4155
1713000,0,-2.01992,-55.331,0.313588,0.381
1714000,0,-3.14791,-54.2265,1.65117,0.410125
1715000,1,-3.58313,-53.9879,0.292371,0.37425
1716000,0,-1.87422,-55.2045,0.234247,0.390846
1717000,0,-1.9948,-53.1083,0.689413,0.398
1718000,0,-1.91221,-57.4465,0.109947,0.353
1719000,0,-1.57185,-53.8532,0.173672,0.3992
1720000,0,-2.49916,-54.4319,0.937613,0.362
1721000,0,-1.49595,-53.9245,0.0405452,0.400375
1722000,0,-2.22877,-54.5149,0.669085,0.388667
1723000,0,-1.38991,-53.2169,0.15728,0.389875
1724000,0,-1.36894,-53.3832,0.017947,0.4125
1725000,0,-2.30644,-60.9545,0.409591,0.34
1726000,1,-4.86012,-53.4835,0.113478,0.445
1727000,0,-2.12776,-54.8678,0.590066,0.455
1728000,0,-2.30211,-56.8215,0.797363,0.3938
1729000,0,-1.54913,-53.3546,0.201775,0.400889
1730000,0,-2.7277,-55.2188,1.22137,0.489
1731000,1,-5.47315,-53.8886,1.31004,0.466
1732000,0,-1.62373,-54.2601,0.260679,0.3922
1733000,0,-1.80053,-53.5299,0.409119,0.351
1734000,0,-2.86748,-53.3324,1.52055,0.401
1735000,0,-1.79308,-54.1995,0.420372,0.377286
1736000,0,-1.83446,-54.1782,0.395105,0.417
1737000,0,-1.63816,-54.3088,0.378935,0.358
1738000,0,-1.66596,-54.2597,0.194511,0.388
1739000,0,-1.99164,-53.7956,0.587171,0.4002
1740000,1,-4.74163,-56.781,1.05369,0.366
1741000,0,-1.76784,-53.7524,0.332868,0.382
1742000,0,-2.79902,-55.6097,1.2906,0.375444
1743000,0,-2.82844,-54.057,1.3957,0.377167
1744000,0,-1.45521,-54.2086,0.0702257,0.318
1745000,0,-1.88649,-55.3969,0.185517,0.345
1746000,0,-1.77459,-53.4939,0.410767,0.37375
1747000,0,-1.94468,-54.6045,0.426242,0.357
1748000,0,-2.73395,-54.0777,1.33308,0.35
1749000,0,-1.55109,-53.5147,0.168034,0.331
1750000,0,-1.56297,-54.6415,0.0129653,0.371
1751000,0,-3.04832,-54.1689,1.53885,0.366
1752000,0,-1.44729,-53.7596,0.0622785,0.473
1753000,1,-3.84938,-53.1547,0.479065,0.368455
1754000,0,-1.97525,-53.3715,0.61518,0.378154
1755000,0,-2.69131,-54.4618,1.1499,0.383
1756000,0,-1.62496,-53.3872,0.265361,0.491
1757000,0,-1.52118,-54.6177,0.232914,0.37975
1758000,0,-1.89656,-53.5197,0.507637,0.318
1759000,0,-1.49876,-53.0173,0.223592,0.351333
1760000,0,-1.89305,-54.3688,0.512846,0.3754
1761000,0,-2.02925,-53.2911,0.702059,0.366
1762000,0,-3.26042,-54.1146,1.83249,0.356667
1763000,0,-1.93067,-53.6612,0.513034,0.328
1764000,0,-1.56215,-53.6693,0.218988,0.369
1765000,0,-1.54658,-53.2284,0.229656,0.367846
1766000,1,-4.0471,-53.7356,1.49789,0.391
1767000,0,-1.7681,-55.0116,0.275933,0.368
1768000,0,-1.51281,-53.4177,0.16207,0.355
1769000,0,-2.08479,-53.6105,0.87631,0.369667
1770000,0,-1.77854,-54.0507,0.328446,0.436
1771000,0,-1.99405,-55.4321,0.286017,0.406
1772000,0,-1.9545,-54.0124,0.568796,0.342
1773000,0,-1.26858,-53.6617,0.0610842,0.401
1774000,0,-1.95744,-56.6821,0.0584,0.363
1775000,0,-1.92637,-54.3016,0.457837,0.386857
1776000,0,-1.64455,-53.4526,0.296793,0.383
1777000,0,-1.92089,-54.3216,0.38368,0.381923
1778000,0,-2.05383,-54.3262,0.521923,0.313
1779000,1,-6.99355,-55.5809,0.988085,0.393
1780000,0,-1.81272,-55.3065,0.160003,0.38
1781000,0,-2.4368,-53.6656,1.03554,0.336
1782000,0,-1.75814,-55.0202,0.146442,0.36
1783000,1,-5.88479,-53.7504,1.90331,0.374
1784000,0,-1.62166,-53.6871,0.249659,0.357
1785000,0,-1.6298,-53.9665,0.309602,0.338
1786000,0,-1.93242,-55.9268,0.120066,0.359
1787000,0,-1.99109,-56.0109,0.290544,0.34
1788000,1,-5.3552,-53.2989,2.15537,0.367111
1789000,0,-1.41768,-53.4185,0.0797633,0.374
1790000,0,-1.50419,-53.6,0.101145,0.352
1791000,0,-1.91237,-55.6012,0.164381,0.3958
1792000,0,-1.26375,-54.5828,0.0648657,0.3785
1793000,1,-3.90934,-55.7416,0.92608,0.4005
1794000,0,-1.31877,-53.5269,0.0444926,0.3645
1795000,1,-4.82099,-55.7657,1.80465,0.359
1796000,0,-2.7263,-53.0975,1.47349,0.372
1797000,1,-4.90853,-55.703,0.151967,0.36525
1798000,0,-1.52424,-53.829,0.129905,0.427
1799000,0,-1.98874,-55.8681,0.250975,0.374
1800000,0,-1.44414,-53.4796,0.105435,0.3878
1801000,0,-1.52188,-54.3935,0.0410219,0.37
1802000,0,-1.59474,-54.9317,0.0610093,0.352
1803000,1,-3.88856,-54.1407,1.09319,0.367
1804000,0,-1.54454,-55.8735,0.0938198,0.3484
1805000,0,-1.72771,-53.6188,0.318999,0.344
1806000,0,-1.6481,-54.8135,0.0246737,0.461
1807000,0,-1.82349,-56.467,0.246472,0.3455
1808000,0,-1.6862,-53.7292,0.301959,0.348
1809000,0,-1.60314,-53.3368,0.264505,0.348
1810000,0,-1.36379,-53.4817,0.0529215,0.37285
1811000,0,-1.6235,-53.1787,0.30434,0.332
1812000,0,-1.50507,-53.5331,0.273693,0.397
1813000,0,-1.9478,-54.7976,0.693854,0.309
1814000,1,-6.6056,-53.1555,0.333184,0.3488
1815000,0,-1.42979,-53.3951,0.0653952,0.357
1816000,0,-1.32932,-54.66,0.0442106,0.523
1817000,0,-2.05346,-54.9655,0.590759,0.404
1818000,0,-1.51674,-53.2149,0.188577,0.3745
1819000,0,-2.04559,-54.7058,0.569849,0.337
1820000,1,-6.47098,-54.4684,0.6879,0.47
1821000,0,-1.8044,-53.6786,0.429124,0.352
1822000,0,-1.70786,-53.0756,0.405777,0.401
1823000,0,-1.87068,-55.351,0.172787,0.3945
1824000,0,-1.95516,-53.5026,0.586332,0.354
1825000,0,-1.51592,-54.0103,0.059926,0.394
1826000,0,-1.40855,-53.7081,0.189031,0.405
1827000,0,-1.78882,-55.3731,0.145832,0.384548
1828000,0,-2.18415,-53.1461,0.938797,0.358
1829000,0,-3.14062,-53.5272,1.77941,0.384333
1830000,0,-1.93282,-53.6688,0.517086,0.368286
1831000,1,-8.38247,-54.5373,2.12968,0.37
1832000,0,-2.13629,-54.278,0.875864,0.336
1833000,0,-1.68477,-54.8778,0.474544,0.35425
1834000,0,-2.25055,-53.1991,1.00308,0.35
1835000,0,-2.01606,-54.8511,0.659483,0.382
1836000,0,-3.07327,-54.4548,1.5096,0.35825
1837000,0,-1.95955,-53.4365,0.638673,0.358
1838000,0,-1.46571,-53.1769,0.157681,0.304
1839000,0,-1.80188,-53.3634,0.442869,0.319
1840000,0,-1.5563,-53.7768,0.213095,0.344
1841000,0,-1.48957,-54.6053,0.0240016,0.365
1842000,0,-1.70255,-54.5517,0.170902,0.355857
1843000,0,-2.55452,-54.0223,1.10215,0.33
1844000,0,-1.3692,-53.4144,0.0491654,0.344
1845000,1,-10.9302,-55.6162,3.87452,0.37
1846000,0,-3.40792,-54.2398,1.92922,0.380205
1847000,0,-1.34044,-53.7889,0.0812965,0.353
1848000,0,-2.18636,-54.789,0.58562,0.436
1849000,0,-1.78464,-54.1861,0.289029,0.418
1850000,0,-2.49822,-53.5382,1.19045,0.367
1851000,0,-1.83024,-53.6211,0.447686,0.379
1852000,0,-2.20377,-54.763,0.632723,0.376545
1853000,0,-1.65514,-54.0901,0.156982,0.373
1854000,0,-2.66545,-53.3599,1.3135,0.365944
1855000,0,-1.31801,-53.3578,0.0131166,0.3445
1856000,0,-2.43593,-53.6595,1.03443,0.456
1857000,0,-1.86829,-53.055,0.571597,0.38375
1858000,0,-1.91545,-53.8041,0.707981,0.333
1859000,0,-1.38929,-53.097,0.116466,0.361333
1860000,0,-2.85536,-54.7411,1.55579,0.352
1861000,0,-1.80388,-54.1838,0.36368,0.378
1862000,1,-5.02982,-56.6164,0.444483,0.433
1863000,0,-1.95235,-53.305,0.606421,0.376111
1864000,0,-2.00691,-58.0946,0.146048,0.359167
1865000,0,-1.92717,-53.9461,0.508951,0.489
1866000,0,-2.23332,-53.4924,0.848221,0.328
1867000,0,-1.70048,-54.4986,0.249948,0.386
1868000,1,-3.28478,-53.0069,0.656853,0.386
1869000,0,-2.58628,-53.5321,1.21597,0.3685
1870000,0,-3.2479,-56.5638,1.75545,0.383
1871000,0,-2.30668,-53.9496,0.841401,0.339
1872000,0,-2.49076,-54.3792,1.02655,0.4015
1873000,0,-2.02361,-54.5275,0.462575,0.360143
1874000,1,-3.90458,-53.2524,0.822783,0.36
1875000,1,-2.87932,-53.1291,0.397103,0.363
1876000,0,-1.60129,-53.015,0.328542,0.395333
1877000,0,-1.52272,-53.8523,0.128495,0.405667
1878000,0,-1.49205,-54.1851,0.070309,0.3696
1879000,0,-2.52114,-53.5693,1.20597,0.39675
1880000,0,-2.11419,-53.289,0.838226,0.388
1881000,0,-1.62313,-53.6738,0.227444,0.353
1882000,0,-1.70179,-53.8456,0.257159,0.32
1883000,0,-1.41455,-53.6268,0.00352551,0.347
1884000,0,-2.39229,-53.1145,1.15059,0.366
1885000,0,-2.65844,-54.7769,1.30651,0.347
1886000,2,-7.64874,-55.1427,0.791253,0.3812
1887000,0,-2.07693,-54.2354,0.552952,0.376
1888000,2,-6.62935,-58.4666,1.98848,0.379
1889000,0,-1.70354,-53.6049,0.478159,0.465
1890000,0,-1.78574,-54.8252,0.176558,0.386
1891000,0,-2.19103,-53.3358,0.846636,0.373
1892000,0,-2.20787,-54.0308,0.757823,0.383333
1893000,0,-1.46822,-53.7548,0.0755285,0.355333
1894000,0,-1.54875,-53.5857,0.154371,0.331
1895000,0,-1.62458,-53.541,0.272136,0.367
1896000,0,-1.29172,-54.0419,0.0416926,0.364
1897000,0,-1.46701,-53.4587,0.0884444,0.418
1898000,0,-2.87217,-53.1706,1.60949,0.364571
1899000,0,-1.35466,-56.0405,0.191717,0.387
1900000,0,-1.55864,-53.9608,0.142729,0.373
1901000,0,-1.61522,-54.3792,0.168687,0.366783
1902000,0,-2.06148,-53.2005,0.736951,0.352
1903000,0,-1.70586,-54.2807,0.198177,0.3865
1904000,0,-1.62802,-53.8905,0.208327,0.36475
1905000,0,-3.15361,-56.2314,1.46044,0.335
1906000,0,-1.72232,-55.1292,0.0349457,0.369333
1907000,0,-2.11739,-53.2379,0.785178,0.35
1908000,2,-5.65399,-53.8043,0.605432,0.384667
1909000,1,-3.84605,-53.6723,0.831504,0.42
1910000,0,-1.65533,-53.1913,0.339209,0.453
1911000,0,-1.69113,-53.6844,0.338221,0.392667
1912000,0,-1.63382,-53.7129,0.221753,0.345
1913000,0,-1.98988,-54.1815,0.606837,0.3695
1914000,0,-1.48812,-53.1583,0.168809,0.345
1915000,0,-1.83901,-54.3915,0.296206,0.322
1916000,0,-1.80426,-54.5314,0.232154,0.393
1917000,0,-1.79393,-53.2637,0.566927,0.358
1918000,0,-1.83551,-53.9549,0.369673,0.404636
1919000,0,-1.77697,-57.4522,0.557212,0.34
1920000,0,-1.32666,-53.3778,0.00778407,0.38
1921000,0,-1.65551,-53.8479,0.220922,0.376
1922000,0,-1.55481,-55.08,0.00976869,0.392227
1923000,0,-2.3429,-55.5538,0.584572,0.369
1924000,0,-2.95817,-54.8129,1.32892,0.384
1925000,0,-1.4539,-53.7669,0.14467,0.367
1926000,0,-1.79708,-54.1201,0.603892,0.3814
1927000,0,-1.47463,-56.0813,0.266831,0.401
1928000,0,-1.61188,-54.1004,0.175995,0.376667
1929000,0,-1.61744,-53.0791,0.325492,0.356
1930000,1,-3.77529,-54.2397,0.248014,0.479
1931000,0,-1.82985,-55.486,0.130462,0.393357
1932000,0,-2.37692,-55.2393,0.687675,0.418
1933000,0,-1.66876,-53.0112,0.3957,0.353
1934000,1,-4.05266,-54.4538,0.588495,0.3894
1935000,1,-6.77089,-55.0527,3.0609,0.415
1936000,0,-1.82352,-55.2819,0.123844,0.424333
1937000,0,-1.352,-53.3133,0.118132,0.378
1938000,0,-1.69567,-55.5283,0.0527361,0.391875
1939000,0,-1.98234,-55.0193,0.386753,0.35
1940000,0,-1.79602,-55.9687,0.00961635,0.346
1941000,0,-1.37059,-53.7075,0.00223947,0.43
1942000,0,-1.45497,-53.639,0.246067,0.324
1943000,3,-9.28194,-55.042,1.70381,0.427
1944000,0,-2.31638,-53.3372,0.965824,0.371
1945000,0,-1.6364,-53.6819,0.234607,0.353
1946000,0,-2.38195,-53.0292,1.12294,0.464
1947000,1,-4.55685,-55.8609,0.275412,0.4225
1948000,0,-1.43056,-53.6951,0.0345184,0.386846
1949000,0,-1.93931,-53.6814,0.530793,0.394
1950000,1,-4.66239,-54.7416,0.401123,0.423
1951000,0,-1.65544,-53.721,0.229186,0.388
1952000,0,-1.80475,-53.8332,0.446055,0.39108
1953000,0,-1.80686,-54.3702,0.562321,0.366
1954000,2,-4.59567,-53.4752,0.679594,0.379
1955000,1,-3.83573,-53.9134,0.572009,0.412
1956000,0,-1.40818,-53.3155,0.0758995,0.458
1957000,0,-1.28479,-55.4622,0.0272003,0.369
1958000,0,-2.40876,-54.0545,0.917633,0.4268
1959000,0,-1.73302,-54.6396,0.20892,0.329
1960000,0,-1.50869,-54.1034,0.0244158,0.37
1961000,0,-1.76394,-54.7508,0.556457,0.41975
1962000,0,-1.70196,-53.4393,0.369747,0.36
1963000,0,-2.02913,-53.279,0.716341,0.364
1964000,0,-1.62285,-53.6012,0.248245,0.400462
1965000,1,-3.52084,-53.4612,0.820479,0.411
1966000,1,-3.11154,-55.872,0.108127,0.35
1967000,0,-1.84578,-53.7186,0.42428,0.397667
1968000,0,-1.96274,-54.8749,0.492073,0.3495
1969000,0,-1.74986,-54.7029,0.168707,0.3535
1970000,0,-1.81252,-53.5513,0.418473,0.407
1971000,0,-2.7952,-53.667,1.45246,0.385
1972000,0,-1.27425,-53.6487,0.031298,0.400583
1973000,0,-1.57396,-55.1279,0.35042,0.399368
1974000,0,-1.83188,-55.8068,0.0360256,0.408667
1975000,0,-1.33382,-53.2856,0.0398331,0.426
1976000,0,-2.74628,-54.9377,1.25215,0.39775
1977000,1,-4.24548,-54.0166,0.320956,0.413
1978000,0,-2.60033,-55.3345,0.903886,0.3645
1979000,0,-1.72046,-53.8499,0.267155,0.383333
1980000,0,-2.31874,-57.3633,0.440965,0.368
1981000,0,-1.91668,-53.6996,0.49174,0.364
1982000,0,-1.42862,-53.8297,0.0180818,0.3305
1983000,0,-2.41163,-53.7442,1.10543,0.3568
1984000,0,-1.85548,-54.0738,0.459214,0.332
1985000,0,-1.53827,-53.5905,0.135161,0.352
1986000,0,-1.94594,-55.3105,0.399262,0.412
1987000,0,-4.136,-54.7708,2.51324,0.3832
1988000,0,-2.2025,-53.8853,0.811756,0.3685
1989000,0,-2.29093,-53.3057,0.94305,0.373
1990000,1,-2.74128,-52.8071,0.218841,0.387895
1991000,1,-3.29819,-54.2818,0.193982,0.363333
1992000,0,-1.78066,-54.2496,0.252933,0.382333
1993000,0,-2.02988,-54.3633,0.504428,0.376375
1994000,0,-2.01929,-56.6231,0.158354,0.334
1995000,0,-1.89423,-55.625,0.207996,0.316
1996000,0,-1.56091,-53.6353,0.315059,0.399
1997000,0,-1.56733,-53.8235,0.134572,0.332
1998000,0,-1.91328,-53.9238,0.447621,0.336
1999000,0,-1.66067,-54.8866,0.147902,0.359444
